Sample	Total	Assigned	Unassigned_Unmapped	Unassigned_Read_Type	Unassigned_Singleton	Unassigned_MappingQuality	Unassigned_Chimera	Unassigned_FragmentLength	Unassigned_Duplicate	Unassigned_MultiMapping	Unassigned_Secondary	Unassigned_NonSplit	Unassigned_NoFeatures	Unassigned_Overlapping_Length	Unassigned_Ambiguity	percent_assigned
SRR5517192_GSM2608318_NMR_NF_0525_ADR_Heterocephalus_glaber_RNA-Seq	10721222	4850974	0	0	0	0	0	0	0	5421483	0	0	251140	0	197625	45.24646537493581
SRR5517193_GSM2608320_NMR_NF_0525_KID_Heterocephalus_glaber_RNA-Seq	7950815	3630717	0	0	0	0	0	0	0	3904218	0	0	231114	0	184766	45.66471487514173
SRR5517194_GSM2608322_NMR_NM_0713_ADR_Heterocephalus_glaber_RNA-Seq	9104846	4391463	0	0	0	0	0	0	0	4308654	0	0	227354	0	177375	48.23215021978406
SRR5517195_GSM2608324_NMR_NM_0713_KID_Heterocephalus_glaber_RNA-Seq	6069702	2972138	0	0	0	0	0	0	0	2751362	0	0	197130	0	149072	48.96678617830002
SRR5517196_GSM2608326_NMR_BF_1090_ADR_Heterocephalus_glaber_RNA-Seq	6789141	3035191	0	0	0	0	0	0	0	3429162	0	0	201800	0	122988	44.706554187046635
SRR5517197_GSM2608328_NMR_BF_1090_KID_Heterocephalus_glaber_RNA-Seq	8449972	4100794	0	0	0	0	0	0	0	3931328	0	0	221282	0	196568	48.53026731922899
SRR5517198_GSM2608330_NMR_BM_1147_ADR_Heterocephalus_glaber_RNA-Seq	10047033	4673347	0	0	0	0	0	0	0	4928852	0	0	255501	0	189333	46.51469742360755
SRR5517199_GSM2608334_NMR_BM_1147_KID_Heterocephalus_glaber_RNA-Seq	6733490	3361341	0	0	0	0	0	0	0	3040003	0	0	175364	0	156782	49.91974444158973
SRR5517200_GSM2608336_NMR_BM_1215_ADR_Heterocephalus_glaber_RNA-Seq	7570628	3565077	0	0	0	0	0	0	0	3676959	0	0	182875	0	145717	47.09090183799812
SRR5517201_GSM2608338_NMR_BM_1215_KID_Heterocephalus_glaber_RNA-Seq	9856390	4756263	0	0	0	0	0	0	0	4584106	0	0	289493	0	226528	48.25562908935218
SRR5517202_GSM2608341_NMR_BM_1400_ADR_Heterocephalus_glaber_RNA-Seq	10382820	4965005	0	0	0	0	0	0	0	4946953	0	0	267772	0	203090	47.81942670680991
SRR5517203_GSM2608343_NMR_BM_1400_KID_Heterocephalus_glaber_RNA-Seq	7728639	3920205	0	0	0	0	0	0	0	3429295	0	0	190740	0	188399	50.72309626572027
SRR5517204_GSM2608345_NMR_NM_1449_ADR_Heterocephalus_glaber_RNA-Seq	9128870	4398444	0	0	0	0	0	0	0	4325203	0	0	225986	0	179237	48.18169170992686
SRR5517205_GSM2608347_NMR_NM_1449_KID_Heterocephalus_glaber_RNA-Seq	6941457	3410129	0	0	0	0	0	0	0	3179475	0	0	184064	0	167789	49.12699163878707
SRR5517206_GSM2608349_NMR_BF_1816_ADR_Heterocephalus_glaber_RNA-Seq	11722576	5265807	0	0	0	0	0	0	0	6003124	0	0	242655	0	210990	44.92022060680178
SRR5517207_GSM2608351_NMR_BF_1816_KID_Heterocephalus_glaber_RNA-Seq	6343092	2837470	0	0	0	0	0	0	0	3153680	0	0	207567	0	144375	44.73323104883234
SRR5517208_GSM2608353_NMR_BF_1816_THY_Heterocephalus_glaber_RNA-Seq	7297809	3707416	0	0	0	0	0	0	0	3235800	0	0	183240	0	171353	50.80176803750276
SRR5517209_GSM2608354_NMR_NF_2411_ADR_Heterocephalus_glaber_RNA-Seq	8908659	4259275	0	0	0	0	0	0	0	4251486	0	0	225107	0	172791	47.81050660935613
SRR5517210_GSM2608356_NMR_NF_2411_KID_Heterocephalus_glaber_RNA-Seq	8355170	4217460	0	0	0	0	0	0	0	3712394	0	0	206293	0	219023	50.47724941563128
SRR5517211_GSM2608358_NMR_NF_2969_ADR_Heterocephalus_glaber_RNA-Seq	10436959	4556916	0	0	0	0	0	0	0	5376945	0	0	318590	0	184508	43.6613385182408
SRR5517212_GSM2608360_NMR_NF_2969_KID_Heterocephalus_glaber_RNA-Seq	9068610	4619379	0	0	0	0	0	0	0	3996911	0	0	223889	0	228431	50.93811510253501
SRR5517213_GSM2608362_NMR_BM_3274_ADR_Heterocephalus_glaber_RNA-Seq	8796185	4098415	0	0	0	0	0	0	0	4288789	0	0	234317	0	174664	46.593096893710175
SRR5517214_GSM2608363_NMR_BM_3274_KID_Heterocephalus_glaber_RNA-Seq	7782182	4128978	0	0	0	0	0	0	0	3267440	0	0	191076	0	194688	53.05681619885014
SRR5517215_GSM2608365_NMR_NM_3295_ADR_Heterocephalus_glaber_RNA-Seq	10099929	4726543	0	0	0	0	0	0	0	4899490	0	0	275003	0	198893	46.797784420068695
SRR5517216_GSM2608368_NMR_NM_3295_KID_Heterocephalus_glaber_RNA-Seq	7639316	3915666	0	0	0	0	0	0	0	3341584	0	0	203098	0	178968	51.25676173102409
SRR5517217_GSM2608370_NMR_NF_3439_ADR_Heterocephalus_glaber_RNA-Seq	10008119	4515096	0	0	0	0	0	0	0	5074944	0	0	233683	0	184396	45.11433167411379
SRR5517218_GSM2608371_NMR_NF_3439_KID_Heterocephalus_glaber_RNA-Seq	8062115	4032631	0	0	0	0	0	0	0	3627469	0	0	207596	0	194419	50.01951721105442
SRR5517219_GSM2608373_NMR_NF_3605_ADR_Heterocephalus_glaber_RNA-Seq	8610060	4023398	0	0	0	0	0	0	0	4244961	0	0	189997	0	151704	46.729035570019256
SRR5517220_GSM2608374_NMR_NF_3605_KID_Heterocephalus_glaber_RNA-Seq	9152504	4586598	0	0	0	0	0	0	0	4105294	0	0	239110	0	221502	50.113040103560735
SRR5517221_GSM2608376_NMR_NF_4060_ADR_Heterocephalus_glaber_RNA-Seq	9637525	4302793	0	0	0	0	0	0	0	4938247	0	0	221047	0	175438	44.64624475682294
SRR5517222_GSM2608377_NMR_NF_4060_KID_Heterocephalus_glaber_RNA-Seq	7643596	3963701	0	0	0	0	0	0	0	3305831	0	0	185231	0	188833	51.85649529357648
SRR5517223_GSM2608379_NMR_BF_4121_ADR_Heterocephalus_glaber_RNA-Seq	8733993	3905991	0	0	0	0	0	0	0	4457228	0	0	211844	0	158930	44.72170976093066
SRR5517224_GSM2608381_NMR_BF_4121_KID_Heterocephalus_glaber_RNA-Seq	9118361	4579774	0	0	0	0	0	0	0	4094393	0	0	215172	0	229022	50.2258465090382
SRR5517225_GSM2608383_NMR_BF_4772_ADR_Heterocephalus_glaber_RNA-Seq	19157814	5142758	0	0	0	0	0	0	0	12357752	0	0	1420476	0	236828	26.844179612559138
SRR5517226_GSM2608385_NMR_BF_4772_KID_Heterocephalus_glaber_RNA-Seq	6401031	2971641	0	0	0	0	0	0	0	3061860	0	0	216925	0	150605	46.42441194238865
SRR5517227_GSM2608387_NMR_NM_4925_KID_Heterocephalus_glaber_RNA-Seq	7353660	3775450	0	0	0	0	0	0	0	3222083	0	0	176339	0	179788	51.34110089397661
SRR5517228_GSM2608389_NMR_BM_5982_ADR_Heterocephalus_glaber_RNA-Seq	12470002	4471847	0	0	0	0	0	0	0	7120351	0	0	684418	0	193386	35.86083626931254
SRR5517229_GSM2608390_NMR_BM_5982_KID_Heterocephalus_glaber_RNA-Seq	7761380	3996435	0	0	0	0	0	0	0	3380248	0	0	190627	0	194070	51.491294073992
SRR5517230_GSM2608392_NMR_NM_6074_ADR_Heterocephalus_glaber_RNA-Seq	8420417	3821321	0	0	0	0	0	0	0	4249587	0	0	194987	0	154522	45.38161233582612
SRR5517231_GSM2608394_NMR_NM_6074_KID_Heterocephalus_glaber_RNA-Seq	8674073	4210538	0	0	0	0	0	0	0	4041316	0	0	212584	0	209635	48.5416481968736
SRR5517232_GSM2608396_NMR_NM_6206_ADR_Heterocephalus_glaber_RNA-Seq	10072661	4797641	0	0	0	0	0	0	0	4779291	0	0	298201	0	197528	47.6303233078131
SRR5517233_GSM2608398_NMR_NM_6206_KID_Heterocephalus_glaber_RNA-Seq	7664590	3919707	0	0	0	0	0	0	0	3362599	0	0	190509	0	191775	51.14046543911677
SRR5517234_GSM2608400_NMR_BF_6382_ADR_Heterocephalus_glaber_RNA-Seq	11397783	5003860	0	0	0	0	0	0	0	5918846	0	0	268483	0	206594	43.90204656466964
SRR5517235_GSM2608402_NMR_BF_6382_KID_Heterocephalus_glaber_RNA-Seq	6387659	3178268	0	0	0	0	0	0	0	2905542	0	0	154619	0	149230	49.756381798089095
SRR5517236_GSM2608404_NMR_BM_6656_ADR_Heterocephalus_glaber_RNA-Seq	9217882	4346520	0	0	0	0	0	0	0	4404404	0	0	277892	0	189066	47.153131272455
SRR5517237_GSM2608405_NMR_BM_6656_KID_Heterocephalus_glaber_RNA-Seq	8440052	4235500	0	0	0	0	0	0	0	3772573	0	0	229105	0	202874	50.18334010264391
SRR5517238_GSM2608407_NMR_BF_6841_ADR_Heterocephalus_glaber_RNA-Seq	13018053	5924113	0	0	0	0	0	0	0	6564848	0	0	291818	0	237274	45.50690491120293
SRR5517239_GSM2608409_NMR_BF_6841_KID_Heterocephalus_glaber_RNA-Seq	8996366	4288059	0	0	0	0	0	0	0	4252035	0	0	253902	0	202370	47.664345803627825
SRR5517240_GSM2608410_NMR_NF_0525_OVR_Heterocephalus_glaber_RNA-Seq	13290181	5369488	0	0	0	0	0	0	0	7415341	0	0	280976	0	224376	40.40191777674059
SRR5517241_GSM2608412_NMR_NF_0525_THY_Heterocephalus_glaber_RNA-Seq	7573771	3781178	0	0	0	0	0	0	0	3394557	0	0	215201	0	182835	49.92464123882277
SRR5517242_GSM2608414_NMR_NM_0713_TES_Heterocephalus_glaber_RNA-Seq	6376741	3238621	0	0	0	0	0	0	0	2820220	0	0	186037	0	131863	50.78802792837281
SRR5517243_GSM2608416_NMR_NM_0713_THY_Heterocephalus_glaber_RNA-Seq	8900420	4233602	0	0	0	0	0	0	0	4231372	0	0	235552	0	199894	47.56631709514832
SRR5517244_GSM2608418_NMR_BF_1090_OVR_Heterocephalus_glaber_RNA-Seq	8716994	3509248	0	0	0	0	0	0	0	4842718	0	0	206771	0	158257	40.25754749859872
SRR5517245_GSM2608420_NMR_BF_1090_THY_Heterocephalus_glaber_RNA-Seq	8754981	4424560	0	0	0	0	0	0	0	3935557	0	0	184693	0	210171	50.53763109251751
SRR5517246_GSM2608422_NMR_BM_1147_TES_Heterocephalus_glaber_RNA-Seq	10056221	4996228	0	0	0	0	0	0	0	4631383	0	0	235082	0	193528	49.682957444948755
SRR5517247_GSM2608423_NMR_BM_1147_THY_Heterocephalus_glaber_RNA-Seq	8363591	3915074	0	0	0	0	0	0	0	3972360	0	0	258768	0	217389	46.81092128967091
SRR5517248_GSM2608425_NMR_BM_1215_TES_Heterocephalus_glaber_RNA-Seq	9776752	4433025	0	0	0	0	0	0	0	4936752	0	0	229258	0	177717	45.342512523586564
SRR5517249_GSM2608427_NMR_BM_1215_THY_Heterocephalus_glaber_RNA-Seq	6247700	2925231	0	0	0	0	0	0	0	2913129	0	0	266491	0	142849	46.820926100805096
SRR5517250_GSM2608429_NMR_BM_1400_TES_Heterocephalus_glaber_RNA-Seq	9437361	4606379	0	0	0	0	0	0	0	4423961	0	0	221860	0	185161	48.81003280472157
SRR5517251_GSM2608431_NMR_BM_1400_THY_Heterocephalus_glaber_RNA-Seq	7089134	3109569	0	0	0	0	0	0	0	3565289	0	0	256840	0	157436	43.86387674432448
SRR5517252_GSM2608433_NMR_NM_1449_TES_Heterocephalus_glaber_RNA-Seq	11487483	5884590	0	0	0	0	0	0	0	5131648	0	0	240648	0	230597	51.22610409956646
SRR5517253_GSM2608435_NMR_NM_1449_THY_Heterocephalus_glaber_RNA-Seq	6533380	2991249	0	0	0	0	0	0	0	3181738	0	0	212407	0	147986	45.78409644012747
SRR5517254_GSM2608437_NMR_BF_1816_HRT_Heterocephalus_glaber_RNA-Seq	6822313	3555275	0	0	0	0	0	0	0	2967624	0	0	140911	0	158503	52.11245804758592
SRR5517255_GSM2608439_NMR_BF_1816_OVR_Heterocephalus_glaber_RNA-Seq	13355610	5645858	0	0	0	0	0	0	0	7200109	0	0	275535	0	234108	42.2733068725427
SRR5517256_GSM2608440_NMR_NF_2411_OVR_Heterocephalus_glaber_RNA-Seq	10145815	4142934	0	0	0	0	0	0	0	5601896	0	0	224913	0	176072	40.833920192709996
SRR5517257_GSM2608442_NMR_NF_2411_THY_Heterocephalus_glaber_RNA-Seq	7426849	3632751	0	0	0	0	0	0	0	3454998	0	0	175012	0	164088	48.913758715169784
SRR5517258_GSM2608444_NMR_NF_2969_OVR_Heterocephalus_glaber_RNA-Seq	8547017	3553904	0	0	0	0	0	0	0	4599098	0	0	238252	0	155763	41.580635676751314
SRR5517259_GSM2608446_NMR_NF_2969_THY_Heterocephalus_glaber_RNA-Seq	7918332	3760375	0	0	0	0	0	0	0	3770263	0	0	211069	0	176625	47.48948389635595
SRR5517260_GSM2608449_NMR_BM_3274_TES_Heterocephalus_glaber_RNA-Seq	7846626	3630535	0	0	0	0	0	0	0	3850725	0	0	216297	0	149069	46.2687402203189
SRR5517261_GSM2608452_NMR_BM_3274_THY_Heterocephalus_glaber_RNA-Seq	9102717	4601124	0	0	0	0	0	0	0	4050877	0	0	234152	0	216564	50.54671039427019
SRR5517262_GSM2608454_NMR_NM_3295_TES_Heterocephalus_glaber_RNA-Seq	8868874	4207375	0	0	0	0	0	0	0	4293065	0	0	202030	0	166404	47.43978773404606
SRR5517263_GSM2608456_NMR_NF_3439_OVR_Heterocephalus_glaber_RNA-Seq	11161829	4749217	0	0	0	0	0	0	0	5976829	0	0	241490	0	194293	42.54873462046408
SRR5517264_GSM2608457_NMR_NF_3439_THY_Heterocephalus_glaber_RNA-Seq	7002262	3415820	0	0	0	0	0	0	0	3223232	0	0	194776	0	168434	48.78166512478396
SRR5517265_GSM2608459_NMR_NF_3605_OVR_Heterocephalus_glaber_RNA-Seq	9407673	3901286	0	0	0	0	0	0	0	5138285	0	0	203305	0	164797	41.46919222213612
SRR5517266_GSM2608461_NMR_NF_4060_OVR_Heterocephalus_glaber_RNA-Seq	11990259	4769744	0	0	0	0	0	0	0	6742043	0	0	266514	0	211958	39.78015821009371
SRR5517267_GSM2608463_NMR_NF_4060_THY_Heterocephalus_glaber_RNA-Seq	8041963	4227609	0	0	0	0	0	0	0	3430483	0	0	190210	0	193661	52.56936645940799
SRR5517268_GSM2608465_NMR_BF_4121_OVR_Heterocephalus_glaber_RNA-Seq	12169537	4757519	0	0	0	0	0	0	0	6908550	0	0	290841	0	212627	39.09367299676232
SRR5517269_GSM2608467_NMR_BF_4121_THY_Heterocephalus_glaber_RNA-Seq	8525832	4251247	0	0	0	0	0	0	0	3883936	0	0	188669	0	201980	49.863133592123326
SRR5517270_GSM2608469_NMR_BF_4772_OVR_Heterocephalus_glaber_RNA-Seq	9643164	3863123	0	0	0	0	0	0	0	5381473	0	0	225278	0	173290	40.060741474478704
SRR5517271_GSM2608471_NMR_BF_4772_THY_Heterocephalus_glaber_RNA-Seq	7218499	3475058	0	0	0	0	0	0	0	3401492	0	0	170093	0	171856	48.141005491584885
SRR5517272_GSM2608473_NMR_NM_4925_TES_Heterocephalus_glaber_RNA-Seq	11009780	5583762	0	0	0	0	0	0	0	4959858	0	0	252272	0	213888	50.71638125375802
SRR5517273_GSM2608475_NMR_NM_4925_THY_Heterocephalus_glaber_RNA-Seq	7460441	3556638	0	0	0	0	0	0	0	3518436	0	0	210970	0	174397	47.6732943803188
SRR5517274_GSM2608477_NMR_BM_5982_TES_Heterocephalus_glaber_RNA-Seq	12616244	6149896	0	0	0	0	0	0	0	5941985	0	0	278269	0	246094	48.745854947003245
SRR5517275_GSM2608479_NMR_BM_5982_THY_Heterocephalus_glaber_RNA-Seq	6119732	3138035	0	0	0	0	0	0	0	2688026	0	0	146256	0	147415	51.277327177072465
SRR5517276_GSM2608481_NMR_NM_6074_TES_Heterocephalus_glaber_RNA-Seq	9647277	4835436	0	0	0	0	0	0	0	4414644	0	0	209291	0	187906	50.122288392880186
SRR5517277_GSM2608483_NMR_NM_6074_THY_Heterocephalus_glaber_RNA-Seq	8684768	4342945	0	0	0	0	0	0	0	3907721	0	0	231736	0	202366	50.00645958533377
SRR5517278_GSM2608485_NMR_NM_6206_TES_Heterocephalus_glaber_RNA-Seq	8279885	4335960	0	0	0	0	0	0	0	3595616	0	0	182106	0	166203	52.367393991583214
SRR5517279_GSM2608487_NMR_NM_6206_THY_Heterocephalus_glaber_RNA-Seq	7774960	3800622	0	0	0	0	0	0	0	3596289	0	0	199911	0	178138	48.882849558068465
SRR5517280_GSM2608489_NMR_BF_6382_OVR_Heterocephalus_glaber_RNA-Seq	12312975	5051595	0	0	0	0	0	0	0	6779445	0	0	269913	0	212022	41.02659998903596
SRR5517281_GSM2608491_NMR_BF_6382_THY_Heterocephalus_glaber_RNA-Seq	9597862	5112580	0	0	0	0	0	0	0	4060075	0	0	194787	0	230420	53.267904872981084
SRR5517282_GSM2608493_NMR_BM_6656_TES_Heterocephalus_glaber_RNA-Seq	10630611	4968907	0	0	0	0	0	0	0	5213934	0	0	252101	0	195669	46.74149961841328
SRR5517283_GSM2608495_NMR_BM_6656_THY_Heterocephalus_glaber_RNA-Seq	7311576	3555126	0	0	0	0	0	0	0	3378132	0	0	204846	0	173472	48.62325167651954
SRR5517284_GSM2608497_NMR_BF_6841_OVR_Heterocephalus_glaber_RNA-Seq	12897640	5095685	0	0	0	0	0	0	0	7272812	0	0	310451	0	218692	39.50866204980136
SRR5517285_GSM2608499_NMR_BF_6841_THY_Heterocephalus_glaber_RNA-Seq	7912635	4207052	0	0	0	0	0	0	0	3356057	0	0	154267	0	195259	53.16878637773637
SRR5517286_GSM2608500_NMR_NF_0525_HRT_Heterocephalus_glaber_RNA-Seq	5290131	2619953	0	0	0	0	0	0	0	2383864	0	0	179157	0	107157	49.52529530932221
SRR5517287_GSM2608502_NMR_NM_0713_HRT_Heterocephalus_glaber_RNA-Seq	6268216	3367534	0	0	0	0	0	0	0	2616042	0	0	132812	0	151828	53.72396228847251
SRR5517288_GSM2608504_NMR_BF_1090_HRT_Heterocephalus_glaber_RNA-Seq	7467789	4014435	0	0	0	0	0	0	0	3118076	0	0	162533	0	172745	53.75667416420041
SRR5517289_GSM2608506_NMR_BM_1147_HRT_Heterocephalus_glaber_RNA-Seq	8067320	4301480	0	0	0	0	0	0	0	3410000	0	0	169018	0	186822	53.31981376714944
SRR5517290_GSM2608508_NMR_BM_1400_HRT_Heterocephalus_glaber_RNA-Seq	8329523	4447372	0	0	0	0	0	0	0	3514991	0	0	170875	0	196285	53.39287735924374
SRR5517291_GSM2608510_NMR_NM_1449_HRT_Heterocephalus_glaber_RNA-Seq	5921326	3167246	0	0	0	0	0	0	0	2492758	0	0	120007	0	141315	53.48879625948647
SRR5517292_GSM2608512_NMR_NF_2411_HRT_Heterocephalus_glaber_RNA-Seq	6777432	3260657	0	0	0	0	0	0	0	3130562	0	0	241718	0	144495	48.11050852299219
SRR5517293_GSM2608514_NMR_NF_2969_HRT_Heterocephalus_glaber_RNA-Seq	5752711	3058139	0	0	0	0	0	0	0	2432965	0	0	128412	0	133195	53.15996232037382
SRR5517294_GSM2608516_NMR_BM_3274_HRT_Heterocephalus_glaber_RNA-Seq	8349918	4562979	0	0	0	0	0	0	0	3412991	0	0	173557	0	200391	54.64699174291292
SRR5517295_GSM2608518_NMR_NM_3295_HRT_Heterocephalus_glaber_RNA-Seq	5846886	3179877	0	0	0	0	0	0	0	2398550	0	0	129239	0	139220	54.385821786161046
SRR5517296_GSM2608519_NMR_NF_3439_HRT_Heterocephalus_glaber_RNA-Seq	8961840	4775918	0	0	0	0	0	0	0	3778072	0	0	195256	0	212594	53.29171241620024
SRR5517297_GSM2608521_NMR_NF_3605_HRT_Heterocephalus_glaber_RNA-Seq	7678486	4100121	0	0	0	0	0	0	0	3217724	0	0	162405	0	198236	53.39751872960372
SRR5517298_GSM2608523_NMR_NF_4060_HRT_Heterocephalus_glaber_RNA-Seq	7064862	3773963	0	0	0	0	0	0	0	2960248	0	0	164008	0	166643	53.418778739061004
SRR5517299_GSM2608525_NMR_BF_4121_HRT_Heterocephalus_glaber_RNA-Seq	7096132	3849244	0	0	0	0	0	0	0	2923356	0	0	159162	0	164370	54.24425588475524
SRR5517300_GSM2608526_NMR_BF_4772_HRT_Heterocephalus_glaber_RNA-Seq	7435973	3899390	0	0	0	0	0	0	0	3197866	0	0	170805	0	167912	52.43953951957599
SRR5517301_GSM2608528_NMR_NM_4925_HRT_Heterocephalus_glaber_RNA-Seq	7975346	4321902	0	0	0	0	0	0	0	3296052	0	0	166990	0	190402	54.190777428339786
SRR5517302_GSM2608530_NMR_BM_5982_HRT_Heterocephalus_glaber_RNA-Seq	9067486	4840787	0	0	0	0	0	0	0	3815158	0	0	197341	0	214200	53.38620870216949
SRR5517303_GSM2608532_NMR_NM_6074_HRT_Heterocephalus_glaber_RNA-Seq	7727116	4047806	0	0	0	0	0	0	0	3315789	0	0	181591	0	181930	52.38443424428985
SRR5517304_GSM2608534_NMR_NM_6206_HRT_Heterocephalus_glaber_RNA-Seq	8455663	4562842	0	0	0	0	0	0	0	3508304	0	0	176575	0	207942	53.96196608119316
SRR5517305_GSM2608536_NMR_BF_6382_HRT_Heterocephalus_glaber_RNA-Seq	7114725	3697267	0	0	0	0	0	0	0	3100327	0	0	145365	0	171766	51.9664076967135
SRR5517306_GSM2608537_NMR_BM_6656_HRT_Heterocephalus_glaber_RNA-Seq	7541248	4145116	0	0	0	0	0	0	0	3055749	0	0	154145	0	186238	54.96591545590333
SRR5517307_GSM2608539_NMR_NF_0525_PIT_Heterocephalus_glaber_RNA-Seq	5981307	3464408	0	0	0	0	0	0	0	2211434	0	0	160263	0	145202	57.92058491563801
SRR5517308_GSM2608541_NMR_NF_0525_HYP_Heterocephalus_glaber_RNA-Seq	6719139	3451436	0	0	0	0	0	0	0	2807727	0	0	285086	0	174890	51.367236189041485
SRR5517309_GSM2608543_NMR_NF_0525_CER_Heterocephalus_glaber_RNA-Seq	6096742	3655266	0	0	0	0	0	0	0	2057272	0	0	215022	0	169182	59.954414997387126
SRR5517310_GSM2608545_NMR_NM_0713_PIT_Heterocephalus_glaber_RNA-Seq	9739622	4841533	0	0	0	0	0	0	0	4475207	0	0	232106	0	190776	49.70966019009773
SRR5517311_GSM2608547_NMR_NM_0713_HYP_Heterocephalus_glaber_RNA-Seq	8135061	4557450	0	0	0	0	0	0	0	3101161	0	0	238643	0	237807	56.0223211602224
SRR5517312_GSM2608549_NMR_NM_0713_CER_Heterocephalus_glaber_RNA-Seq	5626835	3561185	0	0	0	0	0	0	0	1720649	0	0	192879	0	152122	63.2893091764731
SRR5517313_GSM2608551_NMR_BF_1090_PIT_Heterocephalus_glaber_RNA-Seq	8988285	5250602	0	0	0	0	0	0	0	3310952	0	0	229677	0	197054	58.41606046092219
SRR5517314_GSM2608553_NMR_BF_1090_HYP_Heterocephalus_glaber_RNA-Seq	5806963	3241838	0	0	0	0	0	0	0	2198523	0	0	191988	0	174614	55.826737659599345
SRR5517315_GSM2608554_NMR_BF_1090_CER_Heterocephalus_glaber_RNA-Seq	7259623	4409039	0	0	0	0	0	0	0	2397021	0	0	248828	0	204735	60.73371854158267
SRR5517316_GSM2608556_NMR_BM_1147_PIT_Heterocephalus_glaber_RNA-Seq	7202782	3897010	0	0	0	0	0	0	0	2917789	0	0	211625	0	176358	54.10423361417852
SRR5517317_GSM2608558_NMR_BM_1147_HYP_Heterocephalus_glaber_RNA-Seq	7689441	4354438	0	0	0	0	0	0	0	2861283	0	0	247947	0	225773	56.62879785409629
SRR5517318_GSM2608560_NMR_BM_1147_CER_Heterocephalus_glaber_RNA-Seq	7397428	4707148	0	0	0	0	0	0	0	2243325	0	0	246802	0	200153	63.632224605633205
SRR5517319_GSM2608561_NMR_BM_1215_PIT_Heterocephalus_glaber_RNA-Seq	8496940	4622589	0	0	0	0	0	0	0	3477548	0	0	210729	0	186074	54.40298507462686
SRR5517320_GSM2608564_NMR_BM_1215_HYP_Heterocephalus_glaber_RNA-Seq	5958245	3311459	0	0	0	0	0	0	0	2302332	0	0	171571	0	172883	55.5777582157162
SRR5517321_GSM2608565_NMR_BM_1215_CER_Heterocephalus_glaber_RNA-Seq	6386382	3864637	0	0	0	0	0	0	0	2143497	0	0	198400	0	179848	60.5137149641221
SRR5517322_GSM2608567_NMR_BM_1400_PIT_Heterocephalus_glaber_RNA-Seq	7378229	4199575	0	0	0	0	0	0	0	2801255	0	0	202259	0	175140	56.91846918820222
SRR5517323_GSM2608569_NMR_BM_1400_HYP_Heterocephalus_glaber_RNA-Seq	6888001	4041465	0	0	0	0	0	0	0	2419302	0	0	225006	0	202228	58.673989739548524
SRR5517324_GSM2608570_NMR_BM_1400_CER_Heterocephalus_glaber_RNA-Seq	4828353	2934933	0	0	0	0	0	0	0	1591372	0	0	169194	0	132854	60.78538582411021
SRR5517325_GSM2608572_NMR_NM_1449_PIT_Heterocephalus_glaber_RNA-Seq	7829824	4623536	0	0	0	0	0	0	0	2824567	0	0	205724	0	175997	59.050318372418076
SRR5517326_GSM2608574_NMR_NM_1449_HYP_Heterocephalus_glaber_RNA-Seq	6266307	3499561	0	0	0	0	0	0	0	2390276	0	0	193184	0	183286	55.84726378710778
SRR5517327_GSM2608576_NMR_NM_1449_CER_Heterocephalus_glaber_RNA-Seq	7361521	4514143	0	0	0	0	0	0	0	2396604	0	0	249077	0	201697	61.320792265620106
SRR5517328_GSM2608578_NMR_BF_1816_PIT_Heterocephalus_glaber_RNA-Seq	7386746	4309973	0	0	0	0	0	0	0	2697918	0	0	202338	0	176517	58.34738327268868
SRR5517329_GSM2608579_NMR_BF_1816_CER_Heterocephalus_glaber_RNA-Seq	5813681	3546135	0	0	0	0	0	0	0	1912469	0	0	194423	0	160654	60.99638077837432
SRR5517330_GSM2608581_NMR_NF_2411_PIT_Heterocephalus_glaber_RNA-Seq	7822507	4534599	0	0	0	0	0	0	0	2913398	0	0	203557	0	170953	57.968615432367145
SRR5517331_GSM2608583_NMR_NF_2411_HYP_Heterocephalus_glaber_RNA-Seq	7221245	4152900	0	0	0	0	0	0	0	2647705	0	0	212446	0	208194	57.50947378187556
SRR5517332_GSM2608585_NMR_NF_2411_CER_Heterocephalus_glaber_RNA-Seq	6959268	4341604	0	0	0	0	0	0	0	2178895	0	0	242097	0	196672	62.385929094841586
SRR5517333_GSM2608587_NMR_NF_2969_PIT_Heterocephalus_glaber_RNA-Seq	8355730	5410790	0	0	0	0	0	0	0	2552358	0	0	210685	0	181897	64.75544327066575
SRR5517334_GSM2608589_NMR_NF_2969_HYP_Heterocephalus_glaber_RNA-Seq	6529958	3724737	0	0	0	0	0	0	0	2396485	0	0	205723	0	203013	57.040749726108494
SRR5517335_GSM2608591_NMR_NF_2969_CER_Heterocephalus_glaber_RNA-Seq	5517347	3314170	0	0	0	0	0	0	0	1872246	0	0	176599	0	154332	60.068181319753855
SRR5517336_GSM2608593_NMR_BM_3274_PIT_Heterocephalus_glaber_RNA-Seq	8828926	5078240	0	0	0	0	0	0	0	3302147	0	0	242023	0	206516	57.51820776388884
SRR5517337_GSM2608595_NMR_BM_3274_HYP_Heterocephalus_glaber_RNA-Seq	6676984	3828579	0	0	0	0	0	0	0	2449716	0	0	200305	0	198384	57.33994570003462
SRR5517338_GSM2608596_NMR_NM_3295_PIT_Heterocephalus_glaber_RNA-Seq	7005727	3935214	0	0	0	0	0	0	0	2687770	0	0	202048	0	180695	56.17138663838885
SRR5517339_GSM2608598_NMR_NM_3295_HYP_Heterocephalus_glaber_RNA-Seq	6923541	4183762	0	0	0	0	0	0	0	2342758	0	0	202750	0	194271	60.42806708301431
SRR5517340_GSM2608600_NMR_NM_3295_CER_Heterocephalus_glaber_RNA-Seq	7215214	4561587	0	0	0	0	0	0	0	2218057	0	0	236990	0	198580	63.221783858385905
SRR5517341_GSM2608602_NMR_NF_3439_PIT_Heterocephalus_glaber_RNA-Seq	10206676	5860535	0	0	0	0	0	0	0	3819693	0	0	273625	0	252823	57.418644424492356
SRR5517342_GSM2608604_NMR_NF_3439_HYP_Heterocephalus_glaber_RNA-Seq	6322540	3641467	0	0	0	0	0	0	0	2284175	0	0	201486	0	195412	57.59500137602925
SRR5517343_GSM2608606_NMR_NF_3439_CER_Heterocephalus_glaber_RNA-Seq	6717907	4103415	0	0	0	0	0	0	0	2193097	0	0	231846	0	189549	61.081747633600756
SRR5517344_GSM2608607_NMR_NF_3605_PIT_Heterocephalus_glaber_RNA-Seq	7673151	4984274	0	0	0	0	0	0	0	2343305	0	0	182533	0	163039	64.95732978537761
SRR5517345_GSM2608609_NMR_NF_3605_HYP_Heterocephalus_glaber_RNA-Seq	6726347	3833283	0	0	0	0	0	0	0	2489170	0	0	215634	0	188260	56.98907594270709
SRR5517346_GSM2608611_NMR_NF_3605_CER_Heterocephalus_glaber_RNA-Seq	6348571	3775016	0	0	0	0	0	0	0	2179377	0	0	214179	0	179999	59.462452258941425
SRR5517347_GSM2608613_NMR_NF_4060_PIT_Heterocephalus_glaber_RNA-Seq	6969872	3943352	0	0	0	0	0	0	0	2672557	0	0	190681	0	163282	56.577107872282305
SRR5517348_GSM2608615_NMR_NF_4060_HYP_Heterocephalus_glaber_RNA-Seq	8063326	4534848	0	0	0	0	0	0	0	3055235	0	0	244922	0	228321	56.24041493547451
SRR5517349_GSM2608617_NMR_NF_4060_CER_Heterocephalus_glaber_RNA-Seq	5794769	3457260	0	0	0	0	0	0	0	1985803	0	0	186997	0	164709	59.661739751834794
SRR5517350_GSM2608620_NMR_BF_4121_PIT_Heterocephalus_glaber_RNA-Seq	8063441	4680812	0	0	0	0	0	0	0	2973875	0	0	218087	0	190667	58.04980776817242
SRR5517351_GSM2608622_NMR_BF_4121_HYP_Heterocephalus_glaber_RNA-Seq	6641944	3736179	0	0	0	0	0	0	0	2521528	0	0	196333	0	187904	56.25128727372588
SRR5517352_GSM2608623_NMR_BF_4121_CER_Heterocephalus_glaber_RNA-Seq	7522946	4603858	0	0	0	0	0	0	0	2448579	0	0	259330	0	211179	61.19754149504728
SRR5517353_GSM2608625_NMR_BF_4772_PIT_Heterocephalus_glaber_RNA-Seq	8318606	4810796	0	0	0	0	0	0	0	3104124	0	0	218996	0	184690	57.83175690734722
SRR5517354_GSM2608627_NMR_BF_4772_CER_Heterocephalus_glaber_RNA-Seq	6577687	3870359	0	0	0	0	0	0	0	2308874	0	0	214284	0	184170	58.84072927155093
SRR5517355_GSM2608628_NMR_NM_4925_PIT_Heterocephalus_glaber_RNA-Seq	9994740	5621756	0	0	0	0	0	0	0	3871368	0	0	256891	0	244725	56.24714599879537
SRR5517356_GSM2608630_NMR_NM_4925_HYP_Heterocephalus_glaber_RNA-Seq	5195686	2966607	0	0	0	0	0	0	0	1926200	0	0	157280	0	145599	57.09750358278002
SRR5517357_GSM2608631_NMR_NM_4925_CER_Heterocephalus_glaber_RNA-Seq	5735900	3485572	0	0	0	0	0	0	0	1906000	0	0	183544	0	160784	60.76765633989435
SRR5517358_GSM2608633_NMR_BM_5982_PIT_Heterocephalus_glaber_RNA-Seq	7125141	4135677	0	0	0	0	0	0	0	2631861	0	0	199924	0	157679	58.04344082453947
SRR5517359_GSM2608635_NMR_BM_5982_HYP_Heterocephalus_glaber_RNA-Seq	8996351	5067950	0	0	0	0	0	0	0	3406637	0	0	262240	0	259524	56.333395617845504
SRR5517360_GSM2608637_NMR_BM_5982_CER_Heterocephalus_glaber_RNA-Seq	7108665	4072369	0	0	0	0	0	0	0	2633437	0	0	210554	0	192305	57.28739503127521
SRR5517361_GSM2608638_NMR_NM_6074_PIT_Heterocephalus_glaber_RNA-Seq	7300266	4056984	0	0	0	0	0	0	0	2868064	0	0	206207	0	169011	55.57309829532239
SRR5517362_GSM2608640_NMR_NM_6074_HYP_Heterocephalus_glaber_RNA-Seq	7608858	4222527	0	0	0	0	0	0	0	2949729	0	0	221276	0	215326	55.49488504056719
SRR5517363_GSM2608642_NMR_NM_6074_CER_Heterocephalus_glaber_RNA-Seq	6705963	3868983	0	0	0	0	0	0	0	2430500	0	0	219856	0	186624	57.69466667203502
SRR5517364_GSM2608644_NMR_NM_6206_PIT_Heterocephalus_glaber_RNA-Seq	6914667	3834657	0	0	0	0	0	0	0	2728648	0	0	185567	0	165795	55.45685714149358
SRR5517365_GSM2608645_NMR_NM_6206_HYP_Heterocephalus_glaber_RNA-Seq	6887086	3934525	0	0	0	0	0	0	0	2534498	0	0	215574	0	202489	57.1290237990349
SRR5517366_GSM2608647_NMR_NM_6206_CER_Heterocephalus_glaber_RNA-Seq	7363958	4517009	0	0	0	0	0	0	0	2390007	0	0	249582	0	207360	61.339418285655626
SRR5517367_GSM2608649_NMR_BF_6382_PIT_Heterocephalus_glaber_RNA-Seq	6614602	3681711	0	0	0	0	0	0	0	2622682	0	0	165170	0	145039	55.66035567975216
SRR5517368_GSM2608651_NMR_BF_6382_CER_Heterocephalus_glaber_RNA-Seq	7618052	4701716	0	0	0	0	0	0	0	2446944	0	0	256916	0	212476	61.71808751108551
SRR5517369_GSM2608653_NMR_BM_6656_PIT_Heterocephalus_glaber_RNA-Seq	8459150	4826146	0	0	0	0	0	0	0	3211848	0	0	231757	0	189399	57.05237523864691
SRR5517370_GSM2608655_NMR_BM_6656_HYP_Heterocephalus_glaber_RNA-Seq	7628802	4251146	0	0	0	0	0	0	0	2923185	0	0	241317	0	213154	55.724948687880484
SRR5517371_GSM2608657_NMR_BM_6656_CER_Heterocephalus_glaber_RNA-Seq	8781505	5521453	0	0	0	0	0	0	0	2735380	0	0	280488	0	244184	62.87593072030364
SRR5517372_GSM2608659_NMR_BF_6841_CER_Heterocephalus_glaber_RNA-Seq	8146153	4974802	0	0	0	0	0	0	0	2687515	0	0	263697	0	220139	61.06934156527627
SRR5517373_GSM2608661_NMR_NF_0525_SKN_Heterocephalus_glaber_RNA-Seq	10375483	4052329	0	0	0	0	0	0	0	5918701	0	0	204027	0	200426	39.05677451353349
SRR5517374_GSM2608663_NMR_NM_0713_SKN_Heterocephalus_glaber_RNA-Seq	9899015	3853419	0	0	0	0	0	0	0	5636800	0	0	224600	0	184196	38.92729731190426
SRR5517375_GSM2608665_NMR_BF_1090_SKN_Heterocephalus_glaber_RNA-Seq	9049852	3537958	0	0	0	0	0	0	0	5126125	0	0	224377	0	161392	39.09409789242962
SRR5517376_GSM2608667_NMR_BM_1147_SKN_Heterocephalus_glaber_RNA-Seq	9670054	3852312	0	0	0	0	0	0	0	5392497	0	0	243425	0	181820	39.83754382343677
SRR5517377_GSM2608669_NMR_BM_1215_SKN_Heterocephalus_glaber_RNA-Seq	10626231	4007908	0	0	0	0	0	0	0	6192706	0	0	238078	0	187539	37.71711719799804
SRR5517378_GSM2608671_NMR_BM_1400_SKN_Heterocephalus_glaber_RNA-Seq	5451515	2515059	0	0	0	0	0	0	0	2633811	0	0	187516	0	115129	46.1350468631197
SRR5517379_GSM2608672_NMR_NM_1449_SKN_Heterocephalus_glaber_RNA-Seq	10337836	4303683	0	0	0	0	0	0	0	5596529	0	0	223248	0	214376	41.63040504801972
SRR5517380_GSM2608674_NMR_BF_1816_SKN_Heterocephalus_glaber_RNA-Seq	7717777	3147614	0	0	0	0	0	0	0	4206837	0	0	219277	0	144049	40.783945947129595
SRR5517381_GSM2608676_NMR_NF_2411_SKN_Heterocephalus_glaber_RNA-Seq	12080806	4487433	0	0	0	0	0	0	0	7019842	0	0	363383	0	210148	37.14514577918063
SRR5517382_GSM2608678_NMR_NF_2969_SKN_Heterocephalus_glaber_RNA-Seq	14376433	5778983	0	0	0	0	0	0	0	8030643	0	0	279730	0	287077	40.197613691796846
SRR5517383_GSM2608680_NMR_BM_3274_SKN_Heterocephalus_glaber_RNA-Seq	9591276	3798718	0	0	0	0	0	0	0	5337621	0	0	267164	0	187773	39.605971092897335
SRR5517384_GSM2608681_NMR_NM_3295_SKN_Heterocephalus_glaber_RNA-Seq	9278072	4463807	0	0	0	0	0	0	0	4259642	0	0	346496	0	208127	48.11136408512458
SRR5517385_GSM2608683_NMR_NF_3605_SKN_Heterocephalus_glaber_RNA-Seq	11082921	4484613	0	0	0	0	0	0	0	6127290	0	0	270189	0	200829	40.46417907336883
SRR5517386_GSM2608685_NMR_NF_4060_SKN_Heterocephalus_glaber_RNA-Seq	10518107	4084444	0	0	0	0	0	0	0	5991374	0	0	241187	0	201102	38.83250094337318
SRR5517387_GSM2608687_NMR_BF_4121_SKN_Heterocephalus_glaber_RNA-Seq	11117017	3975435	0	0	0	0	0	0	0	6685523	0	0	267393	0	188666	35.75990753634721
SRR5517388_GSM2608689_NMR_BF_4772_SKN_Heterocephalus_glaber_RNA-Seq	12175646	5303221	0	0	0	0	0	0	0	6352331	0	0	257722	0	262372	43.55597230734205
SRR5517389_GSM2608691_NMR_NM_4925_SKN_Heterocephalus_glaber_RNA-Seq	10478857	3985495	0	0	0	0	0	0	0	5997546	0	0	308435	0	187381	38.033680581765736
SRR5517390_GSM2608693_NMR_BM_5982_SKN_Heterocephalus_glaber_RNA-Seq	12068496	4963448	0	0	0	0	0	0	0	6593713	0	0	273002	0	238333	41.12731196994224
SRR5517391_GSM2608695_NMR_NM_6074_SKN_Heterocephalus_glaber_RNA-Seq	8938530	3929908	0	0	0	0	0	0	0	4638260	0	0	172022	0	198340	43.965931758354
SRR5517392_GSM2608697_NMR_NM_6206_SKN_Heterocephalus_glaber_RNA-Seq	10655063	4989846	0	0	0	0	0	0	0	5147588	0	0	273988	0	243641	46.83075078955422
SRR5517393_GSM2608699_NMR_BF_6382_SKN_Heterocephalus_glaber_RNA-Seq	9056561	3315671	0	0	0	0	0	0	0	5364659	0	0	209871	0	166360	36.610706867650975
SRR5517394_GSM2608701_NMR_BM_6656_SKN_Heterocephalus_glaber_RNA-Seq	11534781	4955203	0	0	0	0	0	0	0	6065178	0	0	280406	0	233994	42.95879566330735
SRR5517410_GSM2608702_NMR_BF_6841_SKN_Heterocephalus_glaber_RNA-Seq	11586350	4730438	0	0	0	0	0	0	0	6356346	0	0	273044	0	226522	40.827680848584755
SRR5517411_GSM2608704_NMR_NF_3605_THY_Heterocephalus_glaber_RNA-Seq	8441137	3906550	0	0	0	0	0	0	0	4058838	0	0	276587	0	199162	46.279902814040334
SRR5517412_GSM2608706_NMR_BM_1215_HRT_Heterocephalus_glaber_RNA-Seq	5320092	2867953	0	0	0	0	0	0	0	2208779	0	0	113265	0	130095	53.9079587345482
SRR5517413_GSM2608706_NMR_BM_1215_HRT_Heterocephalus_glaber_RNA-Seq	715174	389140	0	0	0	0	0	0	0	294811	0	0	13876	0	17347	54.411933319723595
SRR5517414_GSM2608708_NMR_BF_1816_HYP_Heterocephalus_glaber_RNA-Seq	2303670	1313977	0	0	0	0	0	0	0	852408	0	0	68589	0	68696	57.03842130166213
SRR5517415_GSM2608708_NMR_BF_1816_HYP_Heterocephalus_glaber_RNA-Seq	4605396	2622613	0	0	0	0	0	0	0	1708853	0	0	139747	0	134183	56.94652533680057
SRR5517416_GSM2608711_NMR_NM_3295_THY_Heterocephalus_glaber_RNA-Seq	4486068	1733274	0	0	0	0	0	0	0	2503350	0	0	185306	0	64138	38.63681959346136
SRR5517417_GSM2608711_NMR_NM_3295_THY_Heterocephalus_glaber_RNA-Seq	8871151	4063268	0	0	0	0	0	0	0	4338611	0	0	272789	0	196483	45.80316578987326
SRR5517418_GSM2608713_NMR_BF_4772_HYP_Heterocephalus_glaber_RNA-Seq	2682538	1499476	0	0	0	0	0	0	0	1021902	0	0	82921	0	78239	55.89766109557441
SRR5517419_GSM2608713_NMR_BF_4772_HYP_Heterocephalus_glaber_RNA-Seq	4523926	2528056	0	0	0	0	0	0	0	1724781	0	0	140556	0	130533	55.881904345915466
SRR5517420_GSM2608715_NMR_NM_4925_ADR_Heterocephalus_glaber_RNA-Seq	6855736	3197427	0	0	0	0	0	0	0	3361618	0	0	169448	0	127243	46.63871245917288
SRR5517421_GSM2608715_NMR_NM_4925_ADR_Heterocephalus_glaber_RNA-Seq	2488623	1158158	0	0	0	0	0	0	0	1223685	0	0	60898	0	45882	46.53810561101461
SRR5517422_GSM2608717_NMR_BF_6382_HYP_Heterocephalus_glaber_RNA-Seq	2230844	1253797	0	0	0	0	0	0	0	843497	0	0	68631	0	64919	56.20280934032142
SRR5517423_GSM2608717_NMR_BF_6382_HYP_Heterocephalus_glaber_RNA-Seq	4043334	2272802	0	0	0	0	0	0	0	1529312	0	0	125789	0	115431	56.211087186960064
SRR5517424_GSM2608718_NMR_BF_6841_HRT_Heterocephalus_glaber_RNA-Seq	5500741	2626034	0	0	0	0	0	0	0	2616670	0	0	156741	0	101296	47.73964089565388
SRR5517425_GSM2608718_NMR_BF_6841_HRT_Heterocephalus_glaber_RNA-Seq	11340301	5974826	0	0	0	0	0	0	0	4858811	0	0	250378	0	256286	52.686661491612966
SRR5517426_GSM2608720_NMR_BF_6841_PIT_Heterocephalus_glaber_RNA-Seq	5269755	3097782	0	0	0	0	0	0	0	1930495	0	0	128501	0	112977	58.78417497587649
SRR5517427_GSM2608720_NMR_BF_6841_PIT_Heterocephalus_glaber_RNA-Seq	1613720	947727	0	0	0	0	0	0	0	592646	0	0	39354	0	33993	58.72933346553305
SRR5517428_GSM2608722_NMR_BF_6841_HYP_Heterocephalus_glaber_RNA-Seq	2255856	1301062	0	0	0	0	0	0	0	817216	0	0	72329	0	65249	57.67486931789973
SRR5517429_GSM2608722_NMR_BF_6841_HYP_Heterocephalus_glaber_RNA-Seq	3399996	1954889	0	0	0	0	0	0	0	1238200	0	0	110414	0	96493	57.496802937415225
SRR5517430_GSM2608724_NMR_NF_3439_SKN_Heterocephalus_glaber_RNA-Seq	9379035	3569548	0	0	0	0	0	0	0	5434985	0	0	205227	0	169275	38.058798159938625
