Sample	total_reads	avg_input_read_length	uniquely_mapped	uniquely_mapped_percent	avg_mapped_read_length	num_splices	num_annotated_splices	num_GTAG_splices	num_GCAG_splices	num_ATAC_splices	num_noncanonical_splices	mismatch_rate	deletion_rate	deletion_length	insertion_rate	insertion_length	multimapped	multimapped_percent	multimapped_toomany	multimapped_toomany_percent	unmapped_mismatches_percent	unmapped_tooshort_percent	unmapped_other_percent	unmapped_mismatches	unmapped_tooshort	unmapped_other
SRR5517192_GSM2608318_NMR_NF_0525_ADR_Heterocephalus_glaber_RNA-Seq	29124707.0	50.0	5299739.0	18.2	49.36	897802.0	877755.0	885944.0	7748.0	1194.0	2916.0	7.22	0.02	1.66	0.01	1.46	1583371.0	5.44	63741.0	0.22	0.0	76.14	0.01	0	22174944	2912
SRR5517193_GSM2608320_NMR_NF_0525_KID_Heterocephalus_glaber_RNA-Seq	28770780.0	50.0	4046597.0	14.06	49.23	620397.0	605133.0	612889.0	4573.0	782.0	2153.0	7.44	0.02	1.71	0.02	1.4	1177232.0	4.09	51634.0	0.18	0.0	81.66	0.01	0	23492440	2877
SRR5517194_GSM2608322_NMR_NM_0713_ADR_Heterocephalus_glaber_RNA-Seq	26711476.0	50.0	4796192.0	17.96	49.34	802732.0	783729.0	792050.0	6991.0	951.0	2740.0	7.17	0.02	1.66	0.02	1.49	1279903.0	4.79	49278.0	0.18	0.0	77.06	0.0	0	20586103	0
SRR5517195_GSM2608324_NMR_NM_0713_KID_Heterocephalus_glaber_RNA-Seq	23881849.0	50.0	3318340.0	13.89	49.21	506968.0	492791.0	500632.0	3835.0	572.0	1929.0	7.36	0.02	1.69	0.02	1.42	842758.0	3.53	35251.0	0.15	0.0	82.42	0.0	0	19685500	0
SRR5517196_GSM2608326_NMR_BF_1090_ADR_Heterocephalus_glaber_RNA-Seq	20672313.0	50.0	3359979.0	16.25	49.29	533351.0	518640.0	525471.0	4918.0	701.0	2261.0	7.15	0.02	1.66	0.02	1.47	1010526.0	4.89	40907.0	0.2	0.0	78.65	0.01	0	16258834	2067
SRR5517197_GSM2608328_NMR_BF_1090_KID_Heterocephalus_glaber_RNA-Seq	28621527.0	50.0	4518644.0	15.79	49.3	766246.0	748987.0	757669.0	5597.0	888.0	2092.0	7.51	0.02	1.73	0.01	1.41	1183363.0	4.13	50515.0	0.18	0.0	79.89	0.01	0	22866143	2862
SRR5517198_GSM2608330_NMR_BM_1147_ADR_Heterocephalus_glaber_RNA-Seq	28476751.0	50.0	5118181.0	17.97	49.36	868014.0	848514.0	856180.0	7792.0	1093.0	2949.0	7.19	0.02	1.66	0.01	1.47	1455542.0	5.11	57260.0	0.2	0.0	76.71	0.01	0	21842921	2847
SRR5517199_GSM2608334_NMR_BM_1147_KID_Heterocephalus_glaber_RNA-Seq	23470381.0	50.0	3693487.0	15.74	49.3	622319.0	608165.0	615169.0	4612.0	726.0	1812.0	7.36	0.02	1.72	0.02	1.43	933692.0	3.98	36635.0	0.16	0.0	80.12	0.01	0	18804220	2347
SRR5517200_GSM2608336_NMR_BM_1215_ADR_Heterocephalus_glaber_RNA-Seq	21782130.0	50.0	3893669.0	17.88	49.35	658482.0	643483.0	649891.0	5581.0	832.0	2178.0	7.22	0.02	1.66	0.02	1.47	1085219.0	4.98	42138.0	0.19	0.0	76.94	0.01	0	16758926	2178
SRR5517201_GSM2608338_NMR_BM_1215_KID_Heterocephalus_glaber_RNA-Seq	31069871.0	50.0	5272284.0	16.97	49.35	887836.0	868540.0	877518.0	6838.0	939.0	2541.0	7.22	0.02	1.72	0.01	1.39	1398505.0	4.5	53345.0	0.17	0.0	78.35	0.0	0	24345737	0
SRR5517202_GSM2608341_NMR_BM_1400_ADR_Heterocephalus_glaber_RNA-Seq	31483055.0	50.0	5435867.0	17.27	49.34	909471.0	887383.0	897427.0	7736.0	1185.0	3123.0	7.23	0.02	1.65	0.01	1.48	1468644.0	4.66	57939.0	0.18	0.0	77.88	0.01	0	24517457	3148
SRR5517203_GSM2608343_NMR_BM_1400_KID_Heterocephalus_glaber_RNA-Seq	25987055.0	50.0	4299344.0	16.54	49.33	743862.0	727779.0	735313.0	5608.0	765.0	2176.0	7.37	0.02	1.7	0.01	1.42	1053065.0	4.05	41411.0	0.16	0.0	79.24	0.01	0	20590636	2599
SRR5517204_GSM2608345_NMR_NM_1449_ADR_Heterocephalus_glaber_RNA-Seq	26739837.0	50.0	4803667.0	17.96	49.35	819898.0	801127.0	809328.0	6850.0	1065.0	2655.0	7.21	0.02	1.66	0.01	1.49	1286196.0	4.81	50766.0	0.19	0.0	77.03	0.0	0	20599208	0
SRR5517205_GSM2608347_NMR_NM_1449_KID_Heterocephalus_glaber_RNA-Seq	23841958.0	50.0	3761982.0	15.78	49.3	625634.0	610951.0	618292.0	4643.0	682.0	2017.0	7.36	0.02	1.7	0.02	1.41	971887.0	4.08	38800.0	0.16	0.0	79.98	0.0	0	19069289	0
SRR5517206_GSM2608349_NMR_BF_1816_ADR_Heterocephalus_glaber_RNA-Seq	29766726.0	50.0	5719452.0	19.21	49.39	977514.0	957625.0	964254.0	8925.0	1188.0	3147.0	7.23	0.02	1.64	0.01	1.48	1762727.0	5.92	70728.0	0.24	0.0	74.62	0.01	0	22210842	2977
SRR5517207_GSM2608351_NMR_BF_1816_KID_Heterocephalus_glaber_RNA-Seq	26258521.0	50.0	3189412.0	12.15	49.13	447657.0	434374.0	441876.0	3291.0	608.0	1882.0	7.5	0.03	1.7	0.02	1.4	968692.0	3.69	40027.0	0.15	0.0	84.0	0.01	0	22057764	2626
SRR5517208_GSM2608353_NMR_BF_1816_THY_Heterocephalus_glaber_RNA-Seq	23189295.0	50.0	4062009.0	17.52	49.35	754685.0	738153.0	746742.0	5372.0	749.0	1822.0	7.4	0.02	1.68	0.01	1.41	960098.0	4.14	41422.0	0.18	0.0	78.16	0.0	0	18125766	0
SRR5517209_GSM2608354_NMR_NF_2411_ADR_Heterocephalus_glaber_RNA-Seq	26196070.0	50.0	4657173.0	17.78	49.34	792757.0	773711.0	782249.0	6791.0	957.0	2760.0	7.21	0.02	1.67	0.01	1.49	1262451.0	4.82	49310.0	0.19	0.0	77.21	0.01	0	20224517	2619
SRR5517210_GSM2608356_NMR_NF_2411_KID_Heterocephalus_glaber_RNA-Seq	28576234.0	50.0	4642776.0	16.25	49.31	784215.0	766117.0	775087.0	5922.0	855.0	2351.0	7.42	0.02	1.68	0.02	1.42	1134106.0	3.97	45514.0	0.16	0.0	79.62	0.0	0	22753838	0
SRR5517211_GSM2608358_NMR_NF_2969_ADR_Heterocephalus_glaber_RNA-Seq	26825808.0	50.0	5060014.0	18.86	49.37	824539.0	806574.0	813838.0	7058.0	1058.0	2585.0	6.96	0.02	1.68	0.02	1.42	1587316.0	5.92	60189.0	0.22	0.0	74.99	0.01	0	20115607	2682
SRR5517212_GSM2608360_NMR_NF_2969_KID_Heterocephalus_glaber_RNA-Seq	30728060.0	50.0	5071699.0	16.51	49.33	869587.0	850351.0	859350.0	6831.0	925.0	2481.0	7.37	0.02	1.72	0.01	1.42	1222244.0	3.98	49278.0	0.16	0.0	79.35	0.01	0	24381766	3073
SRR5517213_GSM2608362_NMR_BM_3274_ADR_Heterocephalus_glaber_RNA-Seq	26606157.0	50.0	4507396.0	16.94	49.31	736329.0	718158.0	726080.0	6609.0	994.0	2646.0	7.23	0.02	1.64	0.02	1.48	1272069.0	4.78	51258.0	0.19	0.0	78.08	0.01	0	20772774	2660
SRR5517214_GSM2608363_NMR_BM_3274_KID_Heterocephalus_glaber_RNA-Seq	27049302.0	50.0	4514742.0	16.69	49.34	789766.0	772619.0	780603.0	6183.0	833.0	2147.0	7.4	0.02	1.69	0.01	1.43	1017236.0	3.76	38110.0	0.14	0.0	79.4	0.0	0	21479214	0
SRR5517215_GSM2608365_NMR_NM_3295_ADR_Heterocephalus_glaber_RNA-Seq	30442494.0	50.0	5200439.0	17.08	49.33	848448.0	826836.0	836622.0	7615.0	1183.0	3028.0	7.21	0.02	1.65	0.02	1.46	1445849.0	4.75	58425.0	0.19	0.0	77.97	0.01	0	23734737	3044
SRR5517216_GSM2608368_NMR_NM_3295_KID_Heterocephalus_glaber_RNA-Seq	26795188.0	50.0	4297732.0	16.04	49.34	733690.0	716823.0	725230.0	5548.0	764.0	2148.0	7.4	0.02	1.7	0.02	1.42	1026148.0	3.83	39908.0	0.15	0.0	79.98	0.01	0	21428721	2679
SRR5517217_GSM2608370_NMR_NF_3439_ADR_Heterocephalus_glaber_RNA-Seq	26799154.0	50.0	4933175.0	18.41	49.36	828251.0	810077.0	817335.0	7142.0	1080.0	2694.0	7.25	0.02	1.65	0.01	1.47	1477868.0	5.51	60229.0	0.22	0.0	75.85	0.01	0	20325202	2680
SRR5517218_GSM2608371_NMR_NF_3439_KID_Heterocephalus_glaber_RNA-Seq	28364331.0	50.0	4434646.0	15.63	49.31	741127.0	724516.0	732535.0	5567.0	804.0	2221.0	7.41	0.02	1.7	0.02	1.41	1113023.0	3.92	43731.0	0.15	0.0	80.28	0.01	0	22770095	2836
SRR5517219_GSM2608373_NMR_NF_3605_ADR_Heterocephalus_glaber_RNA-Seq	23268513.0	50.0	4365099.0	18.76	49.38	749625.0	733994.0	739882.0	6459.0	937.0	2347.0	7.16	0.02	1.67	0.02	1.49	1255583.0	5.4	48116.0	0.21	0.0	75.63	0.01	0	17597388	2327
SRR5517220_GSM2608374_NMR_NF_3605_KID_Heterocephalus_glaber_RNA-Seq	31245045.0	50.0	5047210.0	16.15	49.32	860412.0	841667.0	850486.0	6644.0	945.0	2337.0	7.41	0.02	1.71	0.01	1.4	1254610.0	4.02	50997.0	0.16	0.0	79.66	0.01	0	24889104	3124
SRR5517221_GSM2608376_NMR_NF_4060_ADR_Heterocephalus_glaber_RNA-Seq	25647684.0	50.0	4699278.0	18.32	49.34	791783.0	773985.0	781159.0	6977.0	1014.0	2633.0	7.2	0.02	1.65	0.02	1.47	1438400.0	5.61	59267.0	0.23	0.0	75.83	0.0	0	19450739	0
SRR5517222_GSM2608377_NMR_NF_4060_KID_Heterocephalus_glaber_RNA-Seq	25623992.0	50.0	4337765.0	16.93	49.34	749300.0	733309.0	740664.0	5725.0	824.0	2087.0	7.38	0.02	1.69	0.01	1.42	1016782.0	3.97	40080.0	0.16	0.0	78.94	0.0	0	20229365	0
SRR5517223_GSM2608379_NMR_BF_4121_ADR_Heterocephalus_glaber_RNA-Seq	24239636.0	50.0	4276765.0	17.64	49.34	705573.0	689601.0	695891.0	6260.0	870.0	2552.0	7.23	0.02	1.64	0.02	1.47	1309707.0	5.4	51812.0	0.21	0.0	76.73	0.01	0	18598928	2424
SRR5517224_GSM2608381_NMR_BF_4121_KID_Heterocephalus_glaber_RNA-Seq	31397673.0	50.0	5023968.0	16.0	49.31	858753.0	839607.0	848817.0	6498.0	937.0	2501.0	7.49	0.02	1.71	0.01	1.41	1254842.0	4.0	48835.0	0.16	0.0	79.84	0.0	0	25070028	0
SRR5517225_GSM2608383_NMR_BF_4772_ADR_Heterocephalus_glaber_RNA-Seq	28000758.0	50.0	6800062.0	24.29	49.4	637064.0	621437.0	628135.0	5792.0	859.0	2278.0	4.97	0.02	1.89	0.02	1.16	3627519.0	12.96	129485.0	0.46	0.0	62.29	0.0	0	17443692	0
SRR5517226_GSM2608385_NMR_BF_4772_KID_Heterocephalus_glaber_RNA-Seq	22277167.0	50.0	3339171.0	14.99	49.27	506008.0	492982.0	499652.0	4020.0	570.0	1766.0	7.17	0.02	1.7	0.02	1.4	927570.0	4.16	37868.0	0.17	0.0	80.67	0.01	0	17970330	2228
SRR5517227_GSM2608387_NMR_NM_4925_KID_Heterocephalus_glaber_RNA-Seq	25062320.0	50.0	4131577.0	16.49	49.35	725331.0	709731.0	717052.0	5556.0	793.0	1930.0	7.46	0.02	1.71	0.01	1.42	984922.0	3.93	37756.0	0.15	0.0	79.43	0.0	0	19908065	0
SRR5517228_GSM2608389_NMR_BM_5982_ADR_Heterocephalus_glaber_RNA-Seq	26194527.0	50.0	5349651.0	20.42	49.37	703377.0	687243.0	694054.0	6097.0	904.0	2322.0	6.07	0.02	1.76	0.02	1.28	2114476.0	8.07	76316.0	0.29	0.0	71.21	0.01	0	18651465	2619
SRR5517229_GSM2608390_NMR_BM_5982_KID_Heterocephalus_glaber_RNA-Seq	25977832.0	50.0	4381132.0	16.86	49.35	766332.0	749742.0	757384.0	5978.0	833.0	2137.0	7.38	0.02	1.7	0.01	1.41	1041976.0	4.01	41377.0	0.16	0.0	78.96	0.0	0	20513347	0
SRR5517230_GSM2608392_NMR_NM_6074_ADR_Heterocephalus_glaber_RNA-Seq	23080361.0	50.0	4170830.0	18.07	49.37	702254.0	686924.0	692994.0	6044.0	880.0	2336.0	7.21	0.02	1.66	0.02	1.48	1247952.0	5.41	50186.0	0.22	0.0	76.3	0.01	0	17609085	2308
SRR5517231_GSM2608394_NMR_NM_6074_KID_Heterocephalus_glaber_RNA-Seq	29278578.0	50.0	4632757.0	15.82	49.3	776822.0	759194.0	767702.0	5868.0	875.0	2377.0	7.43	0.02	1.71	0.02	1.42	1230293.0	4.2	48044.0	0.16	0.0	79.81	0.0	0	23367484	0
SRR5517232_GSM2608396_NMR_NM_6206_ADR_Heterocephalus_glaber_RNA-Seq	32053393.0	50.0	5293370.0	16.51	49.32	876541.0	853408.0	864529.0	7653.0	1120.0	3239.0	7.19	0.02	1.66	0.02	1.48	1417515.0	4.42	54932.0	0.17	0.0	78.89	0.01	0	25284371	3205
SRR5517233_GSM2608398_NMR_NM_6206_KID_Heterocephalus_glaber_RNA-Seq	26590869.0	50.0	4301991.0	16.18	49.36	742943.0	726283.0	734379.0	5656.0	791.0	2117.0	7.43	0.02	1.72	0.01	1.42	1033557.0	3.89	39365.0	0.15	0.0	79.78	0.0	0	21215956	0
SRR5517234_GSM2608400_NMR_BF_6382_ADR_Heterocephalus_glaber_RNA-Seq	29715193.0	50.0	5478937.0	18.44	49.37	919384.0	899016.0	907052.0	8172.0	1129.0	3031.0	7.22	0.02	1.66	0.01	1.47	1720312.0	5.79	69782.0	0.23	0.0	75.53	0.01	0	22443191	2971
SRR5517235_GSM2608402_NMR_BF_6382_KID_Heterocephalus_glaber_RNA-Seq	21182075.0	50.0	3482117.0	16.44	49.33	601475.0	588026.0	594464.0	4581.0	654.0	1776.0	7.42	0.02	1.7	0.02	1.42	884164.0	4.17	35053.0	0.17	0.0	79.22	0.0	0	16780741	0
SRR5517236_GSM2608404_NMR_BM_6656_ADR_Heterocephalus_glaber_RNA-Seq	30247391.0	50.0	4813478.0	15.91	49.28	768698.0	747607.0	758103.0	6569.0	1047.0	2979.0	7.2	0.02	1.65	0.02	1.47	1312855.0	4.34	55182.0	0.18	0.0	79.56	0.01	0	24062852	3024
SRR5517237_GSM2608405_NMR_BM_6656_KID_Heterocephalus_glaber_RNA-Seq	30402869.0	50.0	4667479.0	15.35	49.29	782512.0	764203.0	773091.0	6111.0	829.0	2481.0	7.41	0.02	1.71	0.02	1.41	1158959.0	3.81	45495.0	0.15	0.0	80.68	0.01	0	24527896	3040
SRR5517238_GSM2608407_NMR_BF_6841_ADR_Heterocephalus_glaber_RNA-Seq	34608948.0	50.0	6453205.0	18.65	49.37	1099348.0	1075818.0	1084847.0	9599.0	1440.0	3462.0	7.22	0.02	1.64	0.01	1.49	1911697.0	5.52	77984.0	0.23	0.0	75.6	0.01	0	26162601	3461
SRR5517239_GSM2608409_NMR_BF_6841_KID_Heterocephalus_glaber_RNA-Seq	28549165.0	50.0	4744331.0	16.62	49.33	792088.0	774192.0	782928.0	6019.0	836.0	2305.0	7.32	0.02	1.72	0.02	1.41	1279462.0	4.48	52125.0	0.18	0.0	78.71	0.01	0	22470392	2855
SRR5517240_GSM2608410_NMR_NF_0525_OVR_Heterocephalus_glaber_RNA-Seq	29829025.0	50.0	5874840.0	19.7	49.37	984689.0	962539.0	971345.0	9228.0	1340.0	2776.0	7.25	0.02	1.69	0.01	1.45	2054440.0	6.89	93265.0	0.31	0.0	73.1	0.0	0	21806480	0
SRR5517241_GSM2608412_NMR_NF_0525_THY_Heterocephalus_glaber_RNA-Seq	26958810.0	50.0	4179214.0	15.5	49.28	749325.0	731002.0	741735.0	4998.0	681.0	1911.0	7.47	0.02	1.69	0.02	1.41	1010059.0	3.75	42763.0	0.16	0.0	80.59	0.0	0	21726774	0
SRR5517242_GSM2608414_NMR_NM_0713_TES_Heterocephalus_glaber_RNA-Seq	20418528.0	50.0	3556521.0	17.42	49.31	605693.0	590484.0	597999.0	5186.0	655.0	1853.0	7.14	0.02	1.69	0.02	1.45	843265.0	4.13	37623.0	0.18	0.0	78.26	0.0	0	15981119	0
SRR5517243_GSM2608416_NMR_NM_0713_THY_Heterocephalus_glaber_RNA-Seq	27634545.0	50.0	4669048.0	16.9	49.29	807072.0	787339.0	798023.0	5949.0	783.0	2317.0	7.35	0.02	1.69	0.02	1.42	1231046.0	4.45	55801.0	0.2	0.0	78.44	0.0	0	21678650	0
SRR5517244_GSM2608418_NMR_BF_1090_OVR_Heterocephalus_glaber_RNA-Seq	21202094.0	50.0	3874276.0	18.27	49.32	616453.0	601141.0	608096.0	5541.0	873.0	1943.0	7.24	0.02	1.66	0.02	1.44	1342925.0	6.33	62853.0	0.3	0.0	75.09	0.0	0	15922040	0
SRR5517245_GSM2608420_NMR_BF_1090_THY_Heterocephalus_glaber_RNA-Seq	28119587.0	50.0	4819424.0	17.14	49.33	923151.0	902830.0	914179.0	6137.0	744.0	2091.0	7.57	0.02	1.66	0.01	1.42	1157987.0	4.12	50109.0	0.18	0.0	78.56	0.0	0	22092067	0
SRR5517246_GSM2608422_NMR_BM_1147_TES_Heterocephalus_glaber_RNA-Seq	28560691.0	50.0	5424838.0	18.99	49.4	957009.0	935999.0	944540.0	8697.0	1136.0	2636.0	7.19	0.02	1.69	0.01	1.45	1370986.0	4.8	55307.0	0.19	0.0	76.01	0.0	0	21709560	0
SRR5517247_GSM2608423_NMR_BM_1147_THY_Heterocephalus_glaber_RNA-Seq	25897163.0	50.0	4391231.0	16.96	49.34	726085.0	711229.0	719244.0	4608.0	652.0	1581.0	7.07	0.02	1.74	0.01	1.36	1229092.0	4.75	45771.0	0.18	0.0	78.12	0.0	0	20231069	0
SRR5517248_GSM2608425_NMR_BM_1215_TES_Heterocephalus_glaber_RNA-Seq	26377144.0	50.0	4840000.0	18.35	49.34	825969.0	807437.0	815431.0	7353.0	930.0	2255.0	7.27	0.02	1.67	0.01	1.47	1429443.0	5.42	59676.0	0.23	0.0	76.0	0.0	0	20048025	0
SRR5517249_GSM2608427_NMR_BM_1215_THY_Heterocephalus_glaber_RNA-Seq	23628203.0	50.0	3334571.0	14.11	49.17	489710.0	474491.0	483975.0	3426.0	500.0	1809.0	7.12	0.03	1.72	0.02	1.43	864757.0	3.66	38731.0	0.16	0.0	82.06	0.0	0	19390144	0
SRR5517250_GSM2608429_NMR_BM_1400_TES_Heterocephalus_glaber_RNA-Seq	26996332.0	50.0	5013400.0	18.57	49.35	876486.0	856951.0	865420.0	7617.0	988.0	2461.0	7.23	0.02	1.69	0.01	1.45	1310742.0	4.86	54101.0	0.2	0.0	76.37	0.0	0	20618089	0
SRR5517251_GSM2608431_NMR_BM_1400_THY_Heterocephalus_glaber_RNA-Seq	25346088.0	50.0	3523845.0	13.9	49.18	528513.0	513261.0	522781.0	3377.0	567.0	1788.0	7.29	0.03	1.71	0.02	1.39	1053371.0	4.16	48448.0	0.19	0.0	81.75	0.0	0	20720424	0
SRR5517252_GSM2608433_NMR_NM_1449_TES_Heterocephalus_glaber_RNA-Seq	31529237.0	50.0	6355835.0	20.16	49.4	1167833.0	1144025.0	1152996.0	10741.0	1337.0	2759.0	7.18	0.01	1.7	0.01	1.47	1532895.0	4.86	63650.0	0.2	0.0	74.77	0.0	0	23576857	0
SRR5517253_GSM2608435_NMR_NM_1449_THY_Heterocephalus_glaber_RNA-Seq	23778230.0	50.0	3351642.0	14.1	49.19	518882.0	504379.0	513445.0	3300.0	527.0	1610.0	7.49	0.03	1.7	0.02	1.39	930777.0	3.91	45038.0	0.19	0.0	81.8	0.0	0	19450773	0
SRR5517254_GSM2608437_NMR_BF_1816_HRT_Heterocephalus_glaber_RNA-Seq	24639149.0	50.0	3854689.0	15.64	49.31	662564.0	651532.0	654298.0	6255.0	731.0	1280.0	7.42	0.01	1.69	0.01	1.46	973255.0	3.95	29214.0	0.12	0.0	80.28	0.0	0	19781991	0
SRR5517255_GSM2608439_NMR_BF_1816_OVR_Heterocephalus_glaber_RNA-Seq	31342657.0	50.0	6155501.0	19.64	49.37	984537.0	961455.0	971870.0	8225.0	1205.0	3237.0	7.15	0.02	1.66	0.02	1.46	2042253.0	6.52	87596.0	0.28	0.0	73.56	0.0	0	23057307	0
SRR5517256_GSM2608440_NMR_NF_2411_OVR_Heterocephalus_glaber_RNA-Seq	23755664.0	50.0	4543919.0	19.13	49.35	754540.0	737150.0	743989.0	7295.0	949.0	2307.0	7.26	0.02	1.69	0.01	1.46	1564156.0	6.58	71473.0	0.3	0.0	73.98	0.0	0	17576116	0
SRR5517257_GSM2608442_NMR_NF_2411_THY_Heterocephalus_glaber_RNA-Seq	23217053.0	50.0	3971851.0	17.11	49.3	712622.0	695381.0	704615.0	5425.0	682.0	1900.0	7.43	0.02	1.68	0.02	1.43	1003455.0	4.32	44841.0	0.19	0.0	78.37	0.0	0	18196906	0
SRR5517258_GSM2608444_NMR_NF_2969_OVR_Heterocephalus_glaber_RNA-Seq	23778813.0	50.0	3947919.0	16.6	49.29	614964.0	598022.0	606012.0	5995.0	836.0	2121.0	7.23	0.02	1.66	0.02	1.46	1297652.0	5.46	62214.0	0.26	0.0	77.68	0.0	0	18471028	0
SRR5517259_GSM2608446_NMR_NF_2969_THY_Heterocephalus_glaber_RNA-Seq	26233379.0	50.0	4148069.0	15.81	49.23	701720.0	683589.0	694278.0	4871.0	681.0	1890.0	7.45	0.02	1.7	0.02	1.41	1096033.0	4.18	50368.0	0.19	0.0	79.81	0.0	0	20938909	0
SRR5517260_GSM2608449_NMR_BM_3274_TES_Heterocephalus_glaber_RNA-Seq	24191002.0	50.0	3995901.0	16.52	49.31	652897.0	636208.0	643712.0	6236.0	787.0	2162.0	7.25	0.02	1.66	0.02	1.47	1131618.0	4.68	47788.0	0.2	0.0	78.6	0.0	0	19015695	0
SRR5517261_GSM2608452_NMR_BM_3274_THY_Heterocephalus_glaber_RNA-Seq	31402087.0	50.0	5051840.0	16.09	49.26	904404.0	882309.0	894986.0	6101.0	842.0	2475.0	7.47	0.02	1.68	0.02	1.42	1201588.0	3.83	52576.0	0.17	0.0	79.92	0.0	0	25096083	0
SRR5517262_GSM2608454_NMR_NM_3295_TES_Heterocephalus_glaber_RNA-Seq	23898023.0	50.0	4575809.0	19.15	49.36	805587.0	788186.0	795141.0	7298.0	908.0	2240.0	7.22	0.02	1.68	0.01	1.46	1248898.0	5.23	53775.0	0.23	0.0	75.4	0.0	0	18019541	0
SRR5517263_GSM2608456_NMR_NF_3439_OVR_Heterocephalus_glaber_RNA-Seq	26367210.0	50.0	5185000.0	19.66	49.36	880511.0	860960.0	868685.0	8190.0	1152.0	2484.0	7.21	0.02	1.7	0.01	1.46	1670097.0	6.33	74467.0	0.28	0.0	73.72	0.0	0	19437646	0
SRR5517264_GSM2608457_NMR_NF_3439_THY_Heterocephalus_glaber_RNA-Seq	25700146.0	50.0	3779030.0	14.7	49.23	636906.0	620059.0	630227.0	4157.0	637.0	1885.0	7.48	0.03	1.72	0.02	1.4	953539.0	3.71	43471.0	0.17	0.0	81.41	0.0	0	20924106	0
SRR5517265_GSM2608459_NMR_NF_3605_OVR_Heterocephalus_glaber_RNA-Seq	22212750.0	50.0	4269388.0	19.22	49.36	712360.0	696581.0	702438.0	6939.0	952.0	2031.0	7.29	0.02	1.67	0.01	1.47	1448919.0	6.52	62937.0	0.28	0.0	73.97	0.0	0	16431506	0
SRR5517266_GSM2608461_NMR_NF_4060_OVR_Heterocephalus_glaber_RNA-Seq	27422981.0	50.0	5248216.0	19.14	49.36	851059.0	830786.0	839537.0	7961.0	1056.0	2505.0	7.3	0.02	1.69	0.01	1.43	1863786.0	6.8	84896.0	0.31	0.0	73.75	0.0	0	20226083	0
SRR5517267_GSM2608463_NMR_NF_4060_THY_Heterocephalus_glaber_RNA-Seq	28156922.0	50.0	4611480.0	16.38	49.29	854592.0	834901.0	845844.0	5875.0	742.0	2131.0	7.49	0.02	1.7	0.02	1.42	1025715.0	3.64	43110.0	0.15	0.0	79.82	0.0	0	22476617	0
SRR5517268_GSM2608465_NMR_BF_4121_OVR_Heterocephalus_glaber_RNA-Seq	27413747.0	50.0	5260987.0	19.19	49.33	842423.0	822341.0	831114.0	7505.0	1144.0	2660.0	7.19	0.02	1.7	0.02	1.43	1915290.0	6.99	87687.0	0.32	0.0	73.5	0.0	0	20149783	0
SRR5517269_GSM2608467_NMR_BF_4121_THY_Heterocephalus_glaber_RNA-Seq	27231857.0	50.0	4641896.0	17.05	49.32	863629.0	844369.0	854763.0	5894.0	795.0	2177.0	7.49	0.02	1.68	0.02	1.42	1143371.0	4.2	51485.0	0.19	0.0	78.56	0.0	0	21395105	0
SRR5517270_GSM2608469_NMR_BF_4772_OVR_Heterocephalus_glaber_RNA-Seq	23276045.0	50.0	4261691.0	18.31	49.3	671710.0	654855.0	662961.0	5799.0	865.0	2085.0	7.22	0.02	1.68	0.02	1.44	1489715.0	6.4	68484.0	0.29	0.0	74.99	0.0	0	17456155	0
SRR5517271_GSM2608471_NMR_BF_4772_THY_Heterocephalus_glaber_RNA-Seq	22946038.0	50.0	3817007.0	16.63	49.31	685322.0	668799.0	678329.0	4565.0	676.0	1752.0	7.48	0.02	1.67	0.02	1.42	994192.0	4.33	44500.0	0.19	0.0	78.84	0.0	0	18090339	0
SRR5517272_GSM2608473_NMR_NM_4925_TES_Heterocephalus_glaber_RNA-Seq	31479002.0	50.0	6049922.0	19.22	49.38	1091929.0	1068757.0	1078245.0	9720.0	1238.0	2726.0	7.18	0.02	1.7	0.01	1.47	1477141.0	4.69	58825.0	0.19	0.0	75.9	0.0	0	23893114	0
SRR5517273_GSM2608475_NMR_NM_4925_THY_Heterocephalus_glaber_RNA-Seq	26024242.0	50.0	3942005.0	15.15	49.24	668399.0	650647.0	661333.0	4420.0	674.0	1972.0	7.5	0.02	1.69	0.02	1.39	1036231.0	3.98	47855.0	0.18	0.0	80.68	0.0	0	20998151	0
SRR5517274_GSM2608477_NMR_BM_5982_TES_Heterocephalus_glaber_RNA-Seq	34584936.0	50.0	6674259.0	19.3	49.38	1189592.0	1164473.0	1174644.0	10511.0	1441.0	2996.0	7.26	0.02	1.68	0.01	1.47	1745712.0	5.05	74007.0	0.21	0.0	75.44	0.0	0	26090958	0
SRR5517275_GSM2608479_NMR_BM_5982_THY_Heterocephalus_glaber_RNA-Seq	20668962.0	50.0	3431706.0	16.6	49.31	637482.0	622812.0	630952.0	4305.0	598.0	1627.0	7.48	0.02	1.68	0.02	1.41	803069.0	3.89	34474.0	0.17	0.0	79.34	0.0	0	16399713	0
SRR5517276_GSM2608481_NMR_NM_6074_TES_Heterocephalus_glaber_RNA-Seq	26613148.0	50.0	5232633.0	19.66	49.41	945295.0	925589.0	933354.0	8379.0	1104.0	2458.0	7.17	0.02	1.69	0.01	1.46	1311109.0	4.93	54398.0	0.2	0.0	75.2	0.0	0	20015008	0
SRR5517277_GSM2608483_NMR_NM_6074_THY_Heterocephalus_glaber_RNA-Seq	29496304.0	50.0	4777047.0	16.2	49.27	831727.0	811273.0	822905.0	5711.0	826.0	2285.0	7.36	0.02	1.69	0.02	1.42	1155559.0	3.92	51266.0	0.17	0.0	79.71	0.0	0	23512432	0
SRR5517278_GSM2608485_NMR_NM_6206_TES_Heterocephalus_glaber_RNA-Seq	23442853.0	50.0	4684269.0	19.98	49.4	862785.0	844810.0	851998.0	7649.0	999.0	2139.0	7.17	0.02	1.71	0.01	1.46	1077086.0	4.59	44033.0	0.19	0.0	75.23	0.0	0	17637465	0
SRR5517279_GSM2608487_NMR_NM_6206_THY_Heterocephalus_glaber_RNA-Seq	27005833.0	50.0	4178671.0	15.47	49.27	733576.0	715493.0	725978.0	4967.0	703.0	1928.0	7.5	0.02	1.71	0.02	1.42	1055716.0	3.91	47627.0	0.18	0.0	80.44	0.0	0	21723819	0
SRR5517280_GSM2608489_NMR_BF_6382_OVR_Heterocephalus_glaber_RNA-Seq	28825094.0	50.0	5533530.0	19.2	49.34	896938.0	876028.0	885043.0	8098.0	1099.0	2698.0	7.25	0.02	1.67	0.01	1.45	1879761.0	6.52	85930.0	0.3	0.0	73.98	0.0	0	21325873	0
SRR5517281_GSM2608491_NMR_BF_6382_THY_Heterocephalus_glaber_RNA-Seq	30492124.0	50.0	5537787.0	18.16	49.36	1084553.0	1061545.0	1073599.0	7700.0	908.0	2346.0	7.5	0.02	1.68	0.01	1.42	1210440.0	3.97	48335.0	0.16	0.0	77.71	0.0	0	23695562	0
SRR5517282_GSM2608493_NMR_BM_6656_TES_Heterocephalus_glaber_RNA-Seq	29945739.0	50.0	5416677.0	18.09	49.36	931310.0	910140.0	918595.0	8831.0	1109.0	2775.0	7.24	0.02	1.66	0.01	1.48	1529238.0	5.11	62844.0	0.21	0.0	76.59	0.0	0	22936980	0
SRR5517283_GSM2608495_NMR_BM_6656_THY_Heterocephalus_glaber_RNA-Seq	25862893.0	50.0	3933444.0	15.21	49.23	672906.0	655275.0	665991.0	4391.0	651.0	1873.0	7.49	0.02	1.71	0.02	1.41	992636.0	3.84	46392.0	0.18	0.0	80.77	0.0	0	20890421	0
SRR5517284_GSM2608497_NMR_BF_6841_OVR_Heterocephalus_glaber_RNA-Seq	30378762.0	50.0	5624828.0	18.52	49.33	908646.0	886693.0	896004.0	8621.0	1237.0	2784.0	7.24	0.02	1.69	0.01	1.45	2018127.0	6.64	94123.0	0.31	0.0	74.53	0.0	0	22641684	0
SRR5517285_GSM2608499_NMR_BF_6841_THY_Heterocephalus_glaber_RNA-Seq	25533294.0	50.0	4556578.0	17.85	49.37	910301.0	891180.0	901704.0	5923.0	798.0	1876.0	7.57	0.02	1.67	0.01	1.42	1000553.0	3.92	41401.0	0.16	0.0	78.07	0.0	0	19934762	0
SRR5517286_GSM2608500_NMR_NF_0525_HRT_Heterocephalus_glaber_RNA-Seq	28296806.0	49.0	2906267.0	10.27	47.94	334587.0	322880.0	330760.0	2385.0	425.0	1017.0	7.9	0.02	1.62	0.02	1.47	814375.0	2.88	22911.0	0.08	0.0	86.77	0.0	0	24553253	0
SRR5517287_GSM2608502_NMR_NM_0713_HRT_Heterocephalus_glaber_RNA-Seq	23172441.0	49.0	3652174.0	15.76	48.3	611090.0	598612.0	603764.0	5599.0	649.0	1078.0	7.38	0.01	1.71	0.01	1.43	902525.0	3.89	21736.0	0.09	0.0	80.25	0.0	0	18596006	0
SRR5517288_GSM2608504_NMR_BF_1090_HRT_Heterocephalus_glaber_RNA-Seq	28293833.0	49.0	4349713.0	15.37	48.31	724552.0	710472.0	715556.0	6853.0	819.0	1324.0	7.38	0.01	1.68	0.01	1.45	1066293.0	3.77	27177.0	0.1	0.0	80.76	0.0	0	22850650	0
SRR5517289_GSM2608506_NMR_BM_1147_HRT_Heterocephalus_glaber_RNA-Seq	28998876.0	49.0	4657320.0	16.06	48.32	791866.0	776274.0	782185.0	7360.0	884.0	1437.0	7.35	0.01	1.68	0.01	1.43	1156296.0	3.99	30889.0	0.11	0.0	79.84	0.0	0	23154371	0
SRR5517290_GSM2608508_NMR_BM_1400_HRT_Heterocephalus_glaber_RNA-Seq	30053585.0	49.0	4814532.0	16.02	48.33	818648.0	802551.0	808811.0	7531.0	916.0	1390.0	7.36	0.01	1.7	0.01	1.46	1197363.0	3.98	31961.0	0.11	0.0	79.89	0.0	0	24009729	0
SRR5517291_GSM2608510_NMR_NM_1449_HRT_Heterocephalus_glaber_RNA-Seq	22640338.0	49.0	3428568.0	15.14	48.24	562677.0	551306.0	556149.0	4808.0	655.0	1065.0	7.44	0.01	1.69	0.01	1.46	860578.0	3.8	21127.0	0.09	0.0	80.96	0.0	0	18330065	0
SRR5517292_GSM2608512_NMR_NF_2411_HRT_Heterocephalus_glaber_RNA-Seq	26224720.0	49.0	3646870.0	13.91	48.21	523617.0	511118.0	517694.0	4159.0	599.0	1165.0	7.17	0.01	1.73	0.01	1.4	1040869.0	3.97	27877.0	0.11	0.0	82.02	0.0	0	21509104	0
SRR5517293_GSM2608514_NMR_NF_2969_HRT_Heterocephalus_glaber_RNA-Seq	23385501.0	49.0	3319746.0	14.2	48.28	540696.0	529905.0	534213.0	4996.0	583.0	904.0	7.45	0.01	1.69	0.01	1.46	839952.0	3.59	20130.0	0.09	0.0	82.12	0.0	0	19205673	0
SRR5517294_GSM2608516_NMR_BM_3274_HRT_Heterocephalus_glaber_RNA-Seq	31837685.0	49.0	4936927.0	15.51	48.29	828372.0	811423.0	818518.0	7433.0	883.0	1538.0	7.42	0.01	1.7	0.01	1.45	1180038.0	3.71	28655.0	0.09	0.0	80.69	0.0	0	25692065	0
SRR5517295_GSM2608518_NMR_NM_3295_HRT_Heterocephalus_glaber_RNA-Seq	23115910.0	49.0	3448336.0	14.92	48.3	565947.0	554165.0	559106.0	5176.0	609.0	1056.0	7.43	0.01	1.7	0.01	1.45	828883.0	3.59	20829.0	0.09	0.0	81.4	0.0	0	18817862	0
SRR5517296_GSM2608519_NMR_NF_3439_HRT_Heterocephalus_glaber_RNA-Seq	34560144.0	49.0	5183768.0	15.0	48.27	858813.0	840913.0	848613.0	7656.0	1037.0	1507.0	7.44	0.01	1.7	0.01	1.45	1300321.0	3.76	32942.0	0.1	0.0	81.14	0.0	0	28043113	0
SRR5517297_GSM2608521_NMR_NF_3605_HRT_Heterocephalus_glaber_RNA-Seq	28173182.0	49.0	4460762.0	15.83	48.28	739952.0	725507.0	731080.0	6718.0	840.0	1314.0	7.37	0.01	1.67	0.01	1.46	1081339.0	3.84	28985.0	0.1	0.0	80.22	0.0	0	22602096	0
SRR5517298_GSM2608523_NMR_NF_4060_HRT_Heterocephalus_glaber_RNA-Seq	28089965.0	49.0	4104614.0	14.61	48.28	668084.0	653997.0	659990.0	6114.0	747.0	1233.0	7.49	0.01	1.67	0.01	1.46	1023602.0	3.64	24690.0	0.09	0.0	81.65	0.0	0	22937059	0
SRR5517299_GSM2608525_NMR_BF_4121_HRT_Heterocephalus_glaber_RNA-Seq	27829360.0	49.0	4172776.0	14.99	48.3	689559.0	675632.0	681149.0	6422.0	802.0	1186.0	7.44	0.01	1.7	0.01	1.45	1005855.0	3.61	23832.0	0.09	0.0	81.3	0.0	0	22626897	0
SRR5517300_GSM2608526_NMR_BF_4772_HRT_Heterocephalus_glaber_RNA-Seq	28416904.0	49.0	4238107.0	14.91	48.28	690528.0	676181.0	682216.0	6345.0	766.0	1201.0	7.41	0.01	1.71	0.01	1.45	1078885.0	3.8	29796.0	0.1	0.0	81.18	0.0	0	23070116	0
SRR5517301_GSM2608528_NMR_NM_4925_HRT_Heterocephalus_glaber_RNA-Seq	30688851.0	49.0	4679294.0	15.25	48.3	785543.0	769006.0	776163.0	7134.0	825.0	1421.0	7.4	0.01	1.69	0.01	1.44	1130578.0	3.68	29961.0	0.1	0.0	80.97	0.0	0	24849018	0
SRR5517302_GSM2608530_NMR_BM_5982_HRT_Heterocephalus_glaber_RNA-Seq	34069684.0	49.0	5252328.0	15.42	48.3	871766.0	853709.0	861284.0	8058.0	917.0	1507.0	7.41	0.01	1.66	0.01	1.45	1307780.0	3.84	33356.0	0.1	0.0	80.64	0.0	0	27476220	0
SRR5517303_GSM2608532_NMR_NM_6074_HRT_Heterocephalus_glaber_RNA-Seq	30060223.0	49.0	4411327.0	14.67	48.25	710512.0	695270.0	702049.0	6364.0	794.0	1305.0	7.43	0.01	1.68	0.01	1.46	1136751.0	3.78	27250.0	0.09	0.0	81.45	0.0	0	24484895	0
SRR5517304_GSM2608534_NMR_NM_6206_HRT_Heterocephalus_glaber_RNA-Seq	32055607.0	49.0	4947359.0	15.43	48.3	829596.0	812364.0	819743.0	7446.0	948.0	1459.0	7.41	0.01	1.7	0.01	1.45	1212286.0	3.78	29943.0	0.09	0.0	80.69	0.0	0	25866019	0
SRR5517305_GSM2608536_NMR_BF_6382_HRT_Heterocephalus_glaber_RNA-Seq	24114559.0	49.0	4014398.0	16.65	48.33	683199.0	669862.0	675188.0	6064.0	699.0	1248.0	7.33	0.01	1.69	0.01	1.44	1020881.0	4.23	30400.0	0.13	0.0	78.99	0.0	0	19048880	0
SRR5517306_GSM2608537_NMR_BM_6656_HRT_Heterocephalus_glaber_RNA-Seq	28635545.0	49.0	4485499.0	15.66	48.3	756180.0	741179.0	746928.0	7084.0	795.0	1373.0	7.38	0.01	1.69	0.01	1.46	1051266.0	3.67	26579.0	0.09	0.0	80.57	0.0	0	23072201	0
SRR5517307_GSM2608539_NMR_NF_0525_PIT_Heterocephalus_glaber_RNA-Seq	20729275.0	50.0	3769873.0	18.19	49.32	695550.0	682163.0	689274.0	4075.0	504.0	1697.0	7.04	0.02	1.67	0.01	1.44	667104.0	3.22	26554.0	0.13	0.0	78.46	0.0	0	16265744	0
SRR5517308_GSM2608541_NMR_NF_0525_HYP_Heterocephalus_glaber_RNA-Seq	24044239.0	50.0	3911412.0	16.27	49.22	584425.0	568125.0	577439.0	4149.0	788.0	2049.0	6.86	0.03	1.71	0.02	1.41	864481.0	3.6	30282.0	0.13	0.0	80.0	0.01	0	19235660	2404
SRR5517309_GSM2608543_NMR_NF_0525_CER_Heterocephalus_glaber_RNA-Seq	25733820.0	50.0	4039470.0	15.7	49.18	624985.0	606240.0	616986.0	4870.0	774.0	2355.0	6.9	0.03	1.72	0.03	1.43	663826.0	2.58	23901.0	0.09	0.0	81.62	0.01	0	21004050	2573
SRR5517310_GSM2608545_NMR_NM_0713_PIT_Heterocephalus_glaber_RNA-Seq	27929911.0	50.0	5264415.0	18.85	49.29	876762.0	860036.0	868887.0	4958.0	719.0	2198.0	6.94	0.02	1.68	0.02	1.46	1285946.0	4.6	56081.0	0.2	0.0	76.34	0.0	0	21323469	0
SRR5517311_GSM2608547_NMR_NM_0713_HYP_Heterocephalus_glaber_RNA-Seq	29822259.0	50.0	5033900.0	16.88	49.25	820863.0	799530.0	811233.0	5881.0	1093.0	2656.0	7.01	0.03	1.71	0.02	1.43	963975.0	3.23	33273.0	0.11	0.0	79.76	0.01	0	23788129	2982
SRR5517312_GSM2608549_NMR_NM_0713_CER_Heterocephalus_glaber_RNA-Seq	23483719.0	50.0	3906186.0	16.63	49.26	657032.0	639633.0	649307.0	4837.0	767.0	2121.0	6.96	0.02	1.7	0.02	1.44	561554.0	2.39	19688.0	0.08	0.0	80.88	0.01	0	18993943	2348
SRR5517313_GSM2608551_NMR_BF_1090_PIT_Heterocephalus_glaber_RNA-Seq	30215206.0	50.0	5677333.0	18.79	49.35	1092952.0	1074250.0	1084580.0	5330.0	728.0	2314.0	7.07	0.02	1.65	0.01	1.45	985514.0	3.26	40650.0	0.13	0.0	77.81	0.0	0	23511709	0
SRR5517314_GSM2608553_NMR_BF_1090_HYP_Heterocephalus_glaber_RNA-Seq	23028216.0	50.0	3608440.0	15.67	49.15	564542.0	548288.0	557713.0	4048.0	780.0	2001.0	7.03	0.03	1.72	0.02	1.43	685110.0	2.98	24451.0	0.11	0.0	81.23	0.02	0	18705609	4606
SRR5517315_GSM2608554_NMR_BF_1090_CER_Heterocephalus_glaber_RNA-Seq	29981519.0	50.0	4862602.0	16.22	49.2	774474.0	752446.0	765173.0	5690.0	944.0	2667.0	6.96	0.03	1.71	0.02	1.42	769613.0	2.57	27848.0	0.09	0.0	81.11	0.01	0	24318458	2998
SRR5517316_GSM2608556_NMR_BM_1147_PIT_Heterocephalus_glaber_RNA-Seq	24517984.0	50.0	4284993.0	17.48	49.29	721227.0	704438.0	713499.0	5023.0	620.0	2085.0	7.01	0.02	1.68	0.02	1.46	874066.0	3.56	34695.0	0.14	0.0	78.81	0.0	0	19324230	0
SRR5517317_GSM2608558_NMR_BM_1147_HYP_Heterocephalus_glaber_RNA-Seq	30145177.0	50.0	4828158.0	16.02	49.19	766641.0	745718.0	757834.0	5388.0	945.0	2474.0	7.06	0.03	1.7	0.02	1.43	898951.0	2.98	31095.0	0.1	0.0	80.89	0.01	0	24383959	3014
SRR5517318_GSM2608560_NMR_BM_1147_CER_Heterocephalus_glaber_RNA-Seq	30586827.0	50.0	5154103.0	16.85	49.26	873672.0	850736.0	863413.0	6517.0	1010.0	2732.0	6.95	0.02	1.71	0.02	1.43	734503.0	2.4	26231.0	0.09	0.0	80.65	0.01	0	24668931	3059
SRR5517319_GSM2608561_NMR_BM_1215_PIT_Heterocephalus_glaber_RNA-Seq	27703086.0	50.0	5019392.0	18.12	49.31	863536.0	846352.0	855975.0	4763.0	721.0	2077.0	7.03	0.02	1.67	0.01	1.43	1016149.0	3.67	43234.0	0.16	0.0	78.05	0.0	0	21624311	0
SRR5517320_GSM2608564_NMR_BM_1215_HYP_Heterocephalus_glaber_RNA-Seq	21856336.0	50.0	3655913.0	16.73	49.21	592632.0	577286.0	585785.0	4115.0	796.0	1936.0	7.04	0.03	1.72	0.02	1.43	715264.0	3.27	24519.0	0.11	0.0	79.88	0.01	0	17458454	2186
SRR5517321_GSM2608565_NMR_BM_1215_CER_Heterocephalus_glaber_RNA-Seq	25526083.0	50.0	4242885.0	16.62	49.22	686280.0	668006.0	678160.0	5082.0	834.0	2204.0	6.99	0.03	1.7	0.02	1.42	688525.0	2.7	25027.0	0.1	0.0	80.57	0.01	0	20567093	2553
SRR5517322_GSM2608567_NMR_BM_1400_PIT_Heterocephalus_glaber_RNA-Seq	25710032.0	50.0	4576974.0	17.8	49.32	794936.0	777802.0	787203.0	4933.0	630.0	2170.0	7.04	0.02	1.67	0.01	1.46	841702.0	3.27	33771.0	0.13	0.0	78.79	0.0	0	20257585	0
SRR5517323_GSM2608569_NMR_BM_1400_HYP_Heterocephalus_glaber_RNA-Seq	27805040.0	50.0	4468699.0	16.07	49.23	730031.0	710361.0	721677.0	5241.0	874.0	2239.0	7.08	0.02	1.7	0.02	1.44	770009.0	2.77	25866.0	0.09	0.0	81.06	0.01	0	22537686	2780
SRR5517324_GSM2608570_NMR_BM_1400_CER_Heterocephalus_glaber_RNA-Seq	20239232.0	50.0	3236981.0	15.99	49.21	517465.0	502590.0	511184.0	3823.0	633.0	1825.0	6.96	0.03	1.72	0.02	1.42	514435.0	2.54	18649.0	0.09	0.0	81.36	0.01	0	16467143	2024
SRR5517325_GSM2608572_NMR_NM_1449_PIT_Heterocephalus_glaber_RNA-Seq	27390215.0	50.0	5005257.0	18.27	49.31	935836.0	919237.0	928813.0	4308.0	608.0	2107.0	7.0	0.02	1.66	0.01	1.45	844744.0	3.08	34902.0	0.13	0.0	78.51	0.0	0	21505312	0
SRR5517326_GSM2608574_NMR_NM_1449_HYP_Heterocephalus_glaber_RNA-Seq	23659581.0	50.0	3876031.0	16.38	49.23	619710.0	602874.0	612364.0	4355.0	797.0	2194.0	7.03	0.03	1.72	0.02	1.43	742237.0	3.14	26296.0	0.11	0.0	80.36	0.01	0	19012651	2366
SRR5517327_GSM2608576_NMR_NM_1449_CER_Heterocephalus_glaber_RNA-Seq	30138149.0	50.0	4964917.0	16.47	49.23	807956.0	785893.0	798072.0	6163.0	968.0	2753.0	6.9	0.03	1.71	0.02	1.43	775849.0	2.57	28031.0	0.09	0.0	80.85	0.01	0	24366338	3014
SRR5517328_GSM2608578_NMR_BF_1816_PIT_Heterocephalus_glaber_RNA-Seq	25473702.0	50.0	4688828.0	18.41	49.36	848480.0	831659.0	840932.0	4783.0	625.0	2140.0	7.06	0.02	1.66	0.01	1.44	812921.0	3.19	31506.0	0.12	0.0	78.27	0.01	0	19937900	2547
SRR5517329_GSM2608579_NMR_BF_1816_CER_Heterocephalus_glaber_RNA-Seq	24252562.0	50.0	3901212.0	16.09	49.2	625110.0	607776.0	617490.0	4720.0	750.0	2150.0	6.98	0.03	1.71	0.02	1.43	618509.0	2.55	21711.0	0.09	0.0	81.27	0.01	0	19708705	2425
SRR5517330_GSM2608581_NMR_NF_2411_PIT_Heterocephalus_glaber_RNA-Seq	26077532.0	50.0	4909109.0	18.83	49.35	913672.0	896601.0	905862.0	5156.0	709.0	1945.0	7.02	0.02	1.67	0.01	1.44	871536.0	3.34	34674.0	0.13	0.0	77.7	0.0	0	20262213	0
SRR5517331_GSM2608583_NMR_NF_2411_HYP_Heterocephalus_glaber_RNA-Seq	27457574.0	50.0	4573540.0	16.66	49.26	746679.0	727218.0	738265.0	5104.0	924.0	2386.0	7.05	0.03	1.72	0.02	1.43	829651.0	3.02	28763.0	0.1	0.0	80.2	0.01	0	22022874	2746
SRR5517332_GSM2608585_NMR_NF_2411_CER_Heterocephalus_glaber_RNA-Seq	29511831.0	50.0	4780373.0	16.2	49.23	781518.0	759482.0	772437.0	5649.0	875.0	2557.0	7.03	0.02	1.71	0.02	1.42	706038.0	2.39	25017.0	0.08	0.0	81.32	0.01	0	23997452	2951
SRR5517333_GSM2608587_NMR_NF_2969_PIT_Heterocephalus_glaber_RNA-Seq	31048331.0	50.0	5803372.0	18.69	49.23	965352.0	949224.0	959688.0	3022.0	513.0	2129.0	6.88	0.02	1.68	0.02	1.41	784837.0	2.53	38110.0	0.12	0.0	78.65	0.0	0	24422012	0
SRR5517334_GSM2608589_NMR_NF_2969_HYP_Heterocephalus_glaber_RNA-Seq	25684598.0	50.0	4133473.0	16.09	49.23	664487.0	646312.0	656635.0	4729.0	877.0	2246.0	7.0	0.03	1.73	0.02	1.43	753944.0	2.94	25400.0	0.1	0.0	80.86	0.01	0	20769212	2569
SRR5517335_GSM2608591_NMR_NF_2969_CER_Heterocephalus_glaber_RNA-Seq	22274879.0	50.0	3645101.0	16.36	49.22	579822.0	563477.0	572856.0	4221.0	711.0	2034.0	6.96	0.03	1.71	0.02	1.42	600829.0	2.7	22164.0	0.1	0.0	80.83	0.01	0	18004558	2227
SRR5517336_GSM2608593_NMR_BM_3274_PIT_Heterocephalus_glaber_RNA-Seq	30981600.0	50.0	5526779.0	17.84	49.3	994620.0	974205.0	985480.0	5734.0	777.0	2629.0	7.04	0.02	1.68	0.02	1.45	992921.0	3.2	39977.0	0.13	0.0	78.82	0.0	0	24421923	0
SRR5517337_GSM2608595_NMR_BM_3274_HYP_Heterocephalus_glaber_RNA-Seq	25627870.0	50.0	4227268.0	16.49	49.24	685541.0	667629.0	677590.0	4878.0	874.0	2199.0	7.05	0.03	1.71	0.02	1.43	770805.0	3.01	26440.0	0.1	0.0	80.38	0.01	0	20600794	2563
SRR5517338_GSM2608596_NMR_NM_3295_PIT_Heterocephalus_glaber_RNA-Seq	25312457.0	50.0	4317957.0	17.06	49.23	710373.0	694369.0	703750.0	3930.0	579.0	2114.0	7.01	0.02	1.66	0.02	1.44	805568.0	3.18	34351.0	0.14	0.0	79.62	0.0	0	20154581	0
SRR5517339_GSM2608598_NMR_NM_3295_HYP_Heterocephalus_glaber_RNA-Seq	27273048.0	50.0	4580783.0	16.8	49.29	771500.0	752483.0	762596.0	5546.0	965.0	2393.0	7.06	0.02	1.7	0.02	1.43	747988.0	2.74	24401.0	0.09	0.0	80.36	0.01	0	21917149	2727
SRR5517340_GSM2608600_NMR_NM_3295_CER_Heterocephalus_glaber_RNA-Seq	29145456.0	50.0	4997157.0	17.15	49.28	843365.0	821466.0	833502.0	6181.0	1046.0	2636.0	6.98	0.02	1.7	0.02	1.44	721749.0	2.48	25506.0	0.09	0.0	80.28	0.01	0	23398129	2915
SRR5517341_GSM2608602_NMR_NF_3439_PIT_Heterocephalus_glaber_RNA-Seq	35230339.0	50.0	6386983.0	18.13	49.32	1123790.0	1100482.0	1113156.0	6826.0	875.0	2933.0	7.03	0.02	1.67	0.01	1.45	1148888.0	3.26	46602.0	0.13	0.0	78.47	0.0	0	27647866	0
SRR5517342_GSM2608604_NMR_NF_3439_HYP_Heterocephalus_glaber_RNA-Seq	25117152.0	50.0	4038365.0	16.08	49.24	652973.0	635348.0	645458.0	4583.0	817.0	2115.0	7.09	0.03	1.7	0.02	1.43	718465.0	2.86	24631.0	0.1	0.0	80.95	0.01	0	20333179	2512
SRR5517343_GSM2608606_NMR_NF_3439_CER_Heterocephalus_glaber_RNA-Seq	28465045.0	50.0	4524810.0	15.9	49.22	718721.0	698312.0	710143.0	5259.0	834.0	2485.0	6.95	0.03	1.72	0.02	1.42	710778.0	2.5	25566.0	0.09	0.0	81.51	0.01	0	23201045	2846
SRR5517344_GSM2608607_NMR_NF_3605_PIT_Heterocephalus_glaber_RNA-Seq	27965799.0	50.0	5329846.0	19.06	49.2	847380.0	833499.0	842616.0	2457.0	473.0	1834.0	6.85	0.02	1.68	0.02	1.41	713290.0	2.55	34732.0	0.12	0.0	78.26	0.01	0	21885135	2796
SRR5517345_GSM2608609_NMR_NF_3605_HYP_Heterocephalus_glaber_RNA-Seq	26525840.0	50.0	4237177.0	15.97	49.21	667580.0	649761.0	659768.0	4583.0	893.0	2336.0	7.0	0.03	1.74	0.02	1.44	783308.0	2.95	26508.0	0.1	0.0	80.96	0.01	0	21476194	2653
SRR5517346_GSM2608611_NMR_NF_3605_CER_Heterocephalus_glaber_RNA-Seq	26130359.0	50.0	4169194.0	15.96	49.17	644455.0	625689.0	636392.0	4901.0	822.0	2340.0	6.92	0.03	1.71	0.02	1.42	696373.0	2.66	25222.0	0.1	0.0	81.27	0.01	0	21236957	2613
SRR5517347_GSM2608613_NMR_NF_4060_PIT_Heterocephalus_glaber_RNA-Seq	23939621.0	50.0	4297315.0	17.95	49.31	745683.0	729678.0	738199.0	4811.0	647.0	2026.0	7.03	0.02	1.68	0.02	1.46	801329.0	3.35	31990.0	0.13	0.0	78.56	0.0	0	18808987	0
SRR5517348_GSM2608615_NMR_NF_4060_HYP_Heterocephalus_glaber_RNA-Seq	30911516.0	50.0	5008091.0	16.2	49.21	797795.0	776291.0	788415.0	5574.0	1023.0	2783.0	7.04	0.03	1.72	0.02	1.43	954003.0	3.09	33526.0	0.11	0.0	80.59	0.01	0	24912805	3091
SRR5517349_GSM2608617_NMR_NF_4060_CER_Heterocephalus_glaber_RNA-Seq	23696408.0	50.0	3808966.0	16.07	49.18	593695.0	576819.0	586648.0	4186.0	740.0	2121.0	6.96	0.03	1.7	0.02	1.42	636780.0	2.69	23066.0	0.1	0.0	81.13	0.01	0	19225226	2370
SRR5517350_GSM2608620_NMR_BF_4121_PIT_Heterocephalus_glaber_RNA-Seq	28009928.0	50.0	5089566.0	18.17	49.33	919926.0	901256.0	911569.0	5513.0	678.0	2166.0	7.07	0.02	1.68	0.01	1.46	898511.0	3.21	35932.0	0.13	0.0	78.49	0.0	0	21985919	0
SRR5517351_GSM2608622_NMR_BF_4121_HYP_Heterocephalus_glaber_RNA-Seq	25113480.0	50.0	4120416.0	16.41	49.18	655269.0	637996.0	647687.0	4518.0	872.0	2192.0	7.01	0.03	1.72	0.02	1.43	788038.0	3.14	27249.0	0.11	0.0	80.33	0.01	0	20175265	2512
SRR5517352_GSM2608623_NMR_BF_4121_CER_Heterocephalus_glaber_RNA-Seq	31645762.0	50.0	5074367.0	16.03	49.2	810422.0	787625.0	800651.0	6033.0	964.0	2774.0	6.95	0.03	1.71	0.02	1.43	795658.0	2.51	28246.0	0.09	0.0	81.35	0.01	0	25744326	3165
SRR5517353_GSM2608625_NMR_BF_4772_PIT_Heterocephalus_glaber_RNA-Seq	28169600.0	50.0	5214482.0	18.51	49.36	979621.0	961496.0	971598.0	5044.0	697.0	2282.0	7.07	0.02	1.67	0.01	1.44	923324.0	3.28	37058.0	0.13	0.0	78.07	0.01	0	21991919	2817
SRR5517354_GSM2608627_NMR_BF_4772_CER_Heterocephalus_glaber_RNA-Seq	26240065.0	50.0	4268813.0	16.27	49.18	665748.0	646899.0	657733.0	4816.0	829.0	2370.0	7.0	0.03	1.71	0.02	1.42	733593.0	2.8	26988.0	0.1	0.0	80.82	0.01	0	21208047	2624
SRR5517355_GSM2608628_NMR_NM_4925_PIT_Heterocephalus_glaber_RNA-Seq	33201072.0	50.0	6123372.0	18.44	49.32	1108493.0	1086728.0	1098087.0	6836.0	874.0	2696.0	7.07	0.02	1.67	0.01	1.45	1154175.0	3.48	45885.0	0.14	0.0	77.94	0.0	0	25877640	0
SRR5517356_GSM2608630_NMR_NM_4925_HYP_Heterocephalus_glaber_RNA-Seq	19944716.0	50.0	3269486.0	16.39	49.25	529758.0	516060.0	523420.0	3930.0	708.0	1700.0	6.99	0.03	1.73	0.02	1.43	604212.0	3.03	20335.0	0.1	0.0	80.46	0.01	0	16048688	1995
SRR5517357_GSM2608631_NMR_NM_4925_CER_Heterocephalus_glaber_RNA-Seq	23407359.0	50.0	3829900.0	16.36	49.22	619705.0	603280.0	612385.0	4585.0	726.0	2009.0	7.02	0.03	1.71	0.02	1.42	612490.0	2.62	22034.0	0.09	0.0	80.92	0.01	0	18940594	2341
SRR5517358_GSM2608633_NMR_BM_5982_PIT_Heterocephalus_glaber_RNA-Seq	24827159.0	50.0	4493280.0	18.1	49.34	839013.0	822600.0	831480.0	4845.0	604.0	2084.0	7.04	0.02	1.67	0.01	1.46	791910.0	3.19	31520.0	0.13	0.0	78.58	0.0	0	19510449	0
SRR5517359_GSM2608635_NMR_BM_5982_HYP_Heterocephalus_glaber_RNA-Seq	32986105.0	50.0	5589714.0	16.95	49.22	917707.0	893937.0	907077.0	6441.0	1241.0	2948.0	6.99	0.03	1.71	0.02	1.44	1059948.0	3.21	36941.0	0.11	0.0	79.72	0.01	0	26296203	3299
SRR5517360_GSM2608637_NMR_BM_5982_CER_Heterocephalus_glaber_RNA-Seq	28139973.0	50.0	4475228.0	15.9	49.2	723795.0	704767.0	715433.0	5135.0	868.0	2359.0	7.07	0.03	1.7	0.02	1.42	831471.0	2.95	28694.0	0.1	0.0	81.03	0.01	0	22801766	2814
SRR5517361_GSM2608638_NMR_NM_6074_PIT_Heterocephalus_glaber_RNA-Seq	25221569.0	50.0	4432202.0	17.57	49.29	756199.0	739516.0	748817.0	4781.0	580.0	2021.0	7.03	0.02	1.66	0.02	1.44	853310.0	3.38	34519.0	0.14	0.0	78.9	0.0	0	19901538	0
SRR5517362_GSM2608640_NMR_NM_6074_HYP_Heterocephalus_glaber_RNA-Seq	27133840.0	50.0	4659129.0	17.17	49.26	755784.0	736427.0	747028.0	5332.0	1004.0	2420.0	7.0	0.03	1.72	0.02	1.43	913412.0	3.37	31681.0	0.12	0.0	79.33	0.01	0	21526904	2714
SRR5517363_GSM2608642_NMR_NM_6074_CER_Heterocephalus_glaber_RNA-Seq	26833491.0	50.0	4275463.0	15.93	49.17	652749.0	634119.0	644914.0	4589.0	816.0	2430.0	6.97	0.03	1.7	0.02	1.42	772154.0	2.88	28442.0	0.11	0.0	81.07	0.01	0	21754749	2683
SRR5517364_GSM2608644_NMR_NM_6206_PIT_Heterocephalus_glaber_RNA-Seq	23545898.0	50.0	4186019.0	17.78	49.27	705530.0	690517.0	699110.0	4016.0	542.0	1862.0	7.02	0.02	1.68	0.02	1.44	808613.0	3.43	33676.0	0.14	0.0	78.64	0.0	0	18517590	0
SRR5517365_GSM2608645_NMR_NM_6206_HYP_Heterocephalus_glaber_RNA-Seq	26740141.0	50.0	4352588.0	16.28	49.24	704067.0	684863.0	695817.0	5006.0	911.0	2333.0	7.03	0.03	1.72	0.02	1.43	794730.0	2.97	26938.0	0.1	0.0	80.64	0.01	0	21563211	2674
SRR5517366_GSM2608647_NMR_NM_6206_CER_Heterocephalus_glaber_RNA-Seq	30363490.0	50.0	4973951.0	16.38	49.22	804224.0	781925.0	794701.0	5844.0	940.0	2739.0	6.99	0.03	1.7	0.02	1.42	771084.0	2.54	27224.0	0.09	0.0	80.98	0.01	0	24588195	3036
SRR5517367_GSM2608649_NMR_BF_6382_PIT_Heterocephalus_glaber_RNA-Seq	21245162.0	50.0	3991920.0	18.79	49.36	718559.0	704553.0	712286.0	3993.0	538.0	1742.0	7.05	0.02	1.67	0.01	1.45	776945.0	3.66	30455.0	0.14	0.0	77.4	0.01	0	16443717	2125
SRR5517368_GSM2608651_NMR_BF_6382_CER_Heterocephalus_glaber_RNA-Seq	32471076.0	50.0	5171108.0	15.93	49.2	832611.0	809390.0	822483.0	6384.0	1009.0	2735.0	7.01	0.03	1.69	0.02	1.44	792249.0	2.44	27557.0	0.08	0.0	81.54	0.01	0	26476915	3247
SRR5517369_GSM2608653_NMR_BM_6656_PIT_Heterocephalus_glaber_RNA-Seq	29296818.0	50.0	5247302.0	17.91	49.32	966746.0	947604.0	958044.0	5485.0	772.0	2445.0	7.05	0.02	1.69	0.02	1.45	967892.0	3.3	38602.0	0.13	0.0	78.65	0.0	0	23043022	0
SRR5517370_GSM2608655_NMR_BM_6656_HYP_Heterocephalus_glaber_RNA-Seq	27996185.0	50.0	4705617.0	16.81	49.22	754769.0	735207.0	746164.0	5241.0	1008.0	2356.0	6.96	0.03	1.73	0.02	1.43	912384.0	3.26	31626.0	0.11	0.0	79.81	0.01	0	22343758	2800
SRR5517371_GSM2608657_NMR_BM_6656_CER_Heterocephalus_glaber_RNA-Seq	35298074.0	50.0	6046125.0	17.13	49.28	1016813.0	989848.0	1004919.0	7534.0	1192.0	3168.0	6.98	0.02	1.71	0.02	1.43	885524.0	2.51	31463.0	0.09	0.0	80.27	0.01	0	28331432	3530
SRR5517372_GSM2608659_NMR_BF_6841_CER_Heterocephalus_glaber_RNA-Seq	33312124.0	50.0	5458638.0	16.39	49.22	886927.0	862732.0	876118.0	6720.0	1168.0	2921.0	6.97	0.03	1.69	0.02	1.44	863148.0	2.59	30688.0	0.09	0.0	80.92	0.01	0	26956319	3331
SRR5517373_GSM2608661_NMR_NF_0525_SKN_Heterocephalus_glaber_RNA-Seq	28807514.0	50.0	4456782.0	15.47	49.23	689854.0	667233.0	681465.0	5602.0	722.0	2065.0	7.49	0.02	1.73	0.02	1.45	1694119.0	5.88	82743.0	0.29	0.0	78.36	0.01	0	22570990	2880
SRR5517374_GSM2608663_NMR_NM_0713_SKN_Heterocephalus_glaber_RNA-Seq	29660336.0	50.0	4262215.0	14.37	49.14	627089.0	606561.0	619656.0	4592.0	641.0	2200.0	7.44	0.02	1.72	0.02	1.45	1605713.0	5.41	78078.0	0.26	0.0	79.94	0.01	0	23711364	2966
SRR5517375_GSM2608665_NMR_BF_1090_SKN_Heterocephalus_glaber_RNA-Seq	24666336.0	50.0	3923727.0	15.91	49.18	586496.0	567773.0	579204.0	4490.0	656.0	2146.0	7.24	0.03	1.72	0.02	1.45	1446241.0	5.86	73060.0	0.3	0.0	77.92	0.01	0	19220841	2467
SRR5517376_GSM2608667_NMR_BM_1147_SKN_Heterocephalus_glaber_RNA-Seq	31817908.0	50.0	4277557.0	13.44	49.13	606385.0	584497.0	598470.0	4804.0	774.0	2337.0	7.53	0.02	1.72	0.02	1.44	1555958.0	4.89	73891.0	0.23	0.0	81.43	0.01	0	25907320	3182
SRR5517377_GSM2608669_NMR_BM_1215_SKN_Heterocephalus_glaber_RNA-Seq	28956607.0	50.0	4433525.0	15.31	49.18	651452.0	631037.0	643438.0	4902.0	776.0	2336.0	7.44	0.02	1.69	0.02	1.47	1712635.0	5.91	87500.0	0.3	0.0	78.46	0.01	0	22720051	2896
SRR5517378_GSM2608671_NMR_BM_1400_SKN_Heterocephalus_glaber_RNA-Seq	21937211.0	50.0	2817704.0	12.84	49.05	391323.0	377123.0	385918.0	2851.0	505.0	2049.0	7.32	0.03	1.75	0.02	1.45	788337.0	3.59	34739.0	0.16	0.0	83.39	0.02	0	18292044	4387
SRR5517379_GSM2608672_NMR_NM_1449_SKN_Heterocephalus_glaber_RNA-Seq	29119605.0	50.0	4741307.0	16.28	49.23	759160.0	736816.0	750685.0	5652.0	743.0	2080.0	7.34	0.02	1.72	0.02	1.46	1621901.0	5.57	74269.0	0.26	0.0	77.88	0.01	0	22679216	2912
SRR5517380_GSM2608674_NMR_BF_1816_SKN_Heterocephalus_glaber_RNA-Seq	27766485.0	50.0	3510940.0	12.64	49.09	474302.0	455993.0	467779.0	3669.0	514.0	2340.0	7.4	0.03	1.73	0.02	1.44	1234255.0	4.45	58880.0	0.21	0.0	82.69	0.01	0	22959633	2777
SRR5517381_GSM2608676_NMR_NF_2411_SKN_Heterocephalus_glaber_RNA-Seq	35368993.0	50.0	5060964.0	14.31	49.09	703098.0	678639.0	693998.0	5344.0	867.0	2889.0	7.36	0.03	1.76	0.02	1.45	1969506.0	5.57	99095.0	0.28	0.0	79.82	0.02	0	28232354	7074
SRR5517382_GSM2608678_NMR_NF_2969_SKN_Heterocephalus_glaber_RNA-Seq	37689726.0	50.0	6345790.0	16.84	49.25	1032613.0	994251.0	1020262.0	8134.0	1165.0	3052.0	7.4	0.02	1.74	0.02	1.44	2362377.0	6.27	104731.0	0.28	0.0	76.61	0.01	0	28873059	3769
SRR5517383_GSM2608680_NMR_BM_3274_SKN_Heterocephalus_glaber_RNA-Seq	30188627.0	50.0	4253655.0	14.09	49.09	592217.0	570636.0	584397.0	4376.0	779.0	2665.0	7.37	0.03	1.74	0.02	1.43	1530133.0	5.07	73982.0	0.25	0.0	80.58	0.01	0	24327838	3019
SRR5517384_GSM2608681_NMR_NM_3295_SKN_Heterocephalus_glaber_RNA-Seq	36885489.0	50.0	5018430.0	13.61	49.06	716839.0	690553.0	706929.0	5413.0	866.0	3631.0	7.2	0.03	1.75	0.02	1.43	1293299.0	3.51	53943.0	0.15	0.0	82.73	0.01	0	30516128	3689
SRR5517385_GSM2608683_NMR_NF_3605_SKN_Heterocephalus_glaber_RNA-Seq	34026770.0	50.0	4955631.0	14.56	49.13	734269.0	710622.0	725680.0	5183.0	789.0	2617.0	7.42	0.03	1.73	0.02	1.46	1735375.0	5.1	84384.0	0.25	0.0	80.07	0.01	0	27247977	3403
SRR5517386_GSM2608685_NMR_NF_4060_SKN_Heterocephalus_glaber_RNA-Seq	29898494.0	50.0	4526733.0	15.14	49.19	672646.0	650330.0	664688.0	4985.0	712.0	2261.0	7.38	0.02	1.71	0.02	1.45	1709077.0	5.72	80762.0	0.27	0.0	78.87	0.0	0	23581922	0
SRR5517387_GSM2608687_NMR_BF_4121_SKN_Heterocephalus_glaber_RNA-Seq	29521223.0	50.0	4431494.0	15.01	49.16	629384.0	606580.0	621378.0	4657.0	715.0	2634.0	7.35	0.03	1.73	0.02	1.44	1863661.0	6.31	99983.0	0.34	0.0	78.32	0.02	0	23120181	5904
SRR5517388_GSM2608689_NMR_BF_4772_SKN_Heterocephalus_glaber_RNA-Seq	35939069.0	50.0	5823315.0	16.2	49.24	944948.0	919606.0	934813.0	6562.0	999.0	2574.0	7.38	0.02	1.71	0.01	1.45	1851930.0	5.15	82874.0	0.23	0.0	78.4	0.01	0	28177356	3594
SRR5517389_GSM2608691_NMR_NM_4925_SKN_Heterocephalus_glaber_RNA-Seq	34516059.0	50.0	4481311.0	12.98	49.07	590064.0	568011.0	582063.0	4558.0	713.0	2730.0	7.41	0.03	1.75	0.02	1.44	1714188.0	4.97	81401.0	0.24	0.0	81.79	0.02	0	28232255	6904
SRR5517390_GSM2608693_NMR_BM_5982_SKN_Heterocephalus_glaber_RNA-Seq	33605282.0	50.0	5474783.0	16.29	49.2	847564.0	821629.0	837316.0	6580.0	916.0	2752.0	7.35	0.02	1.71	0.02	1.47	1875055.0	5.58	89535.0	0.27	0.0	77.85	0.01	0	26162548	3361
SRR5517391_GSM2608695_NMR_NM_6074_SKN_Heterocephalus_glaber_RNA-Seq	26268658.0	50.0	4300270.0	16.37	49.25	704599.0	687993.0	697334.0	4958.0	601.0	1706.0	7.34	0.02	1.71	0.01	1.43	1388877.0	5.29	59064.0	0.22	0.0	78.11	0.01	0	20517820	2627
SRR5517392_GSM2608697_NMR_NM_6206_SKN_Heterocephalus_glaber_RNA-Seq	31426576.0	50.0	5507475.0	17.52	49.24	920448.0	897502.0	910834.0	6464.0	789.0	2361.0	7.12	0.02	1.75	0.02	1.43	1549240.0	4.93	61619.0	0.2	0.0	77.34	0.01	0	24305099	3143
SRR5517393_GSM2608699_NMR_BF_6382_SKN_Heterocephalus_glaber_RNA-Seq	25036909.0	50.0	3691902.0	14.75	49.15	528106.0	508387.0	521784.0	3748.0	639.0	1935.0	7.49	0.03	1.71	0.02	1.45	1496193.0	5.98	78175.0	0.31	0.0	78.96	0.01	0	19768135	2504
SRR5517394_GSM2608701_NMR_BM_6656_SKN_Heterocephalus_glaber_RNA-Seq	37226312.0	50.0	5469603.0	14.69	49.14	828801.0	803957.0	819037.0	6051.0	998.0	2715.0	7.47	0.02	1.72	0.02	1.43	1732302.0	4.65	81923.0	0.22	0.0	80.42	0.01	0	29938761	3723
SRR5517410_GSM2608702_NMR_BF_6841_SKN_Heterocephalus_glaber_RNA-Seq	34729968.0	50.0	5230004.0	15.06	49.18	790037.0	762283.0	780081.0	6131.0	868.0	2957.0	7.37	0.02	1.75	0.02	1.45	1824558.0	5.25	89313.0	0.26	0.0	79.42	0.01	0	27582620	3473
SRR5517411_GSM2608704_NMR_NF_3605_THY_Heterocephalus_glaber_RNA-Seq	28584199.0	50.0	4382299.0	15.33	49.2	708480.0	690893.0	701144.0	4761.0	690.0	1885.0	7.3	0.02	1.71	0.02	1.37	1203628.0	4.21	53508.0	0.19	0.0	80.27	0.0	0	22944764	0
SRR5517412_GSM2608706_NMR_BM_1215_HRT_Heterocephalus_glaber_RNA-Seq	19736051.0	49.0	3111313.0	15.76	48.33	523013.0	512755.0	516487.0	4971.0	590.0	965.0	7.35	0.01	1.73	0.01	1.46	753321.0	3.82	18681.0	0.09	0.0	80.32	0.0	0	15852736	0
SRR5517413_GSM2608706_NMR_BM_1215_HRT_Heterocephalus_glaber_RNA-Seq	2613236.0	50.0	420363.0	16.09	49.48	73889.0	72780.0	72993.0	670.0	85.0	141.0	7.37	0.01	1.67	0.01	1.44	100433.0	3.84	2465.0	0.09	0.0	79.97	0.0	0	2089975	0
SRR5517414_GSM2608708_NMR_BF_1816_HYP_Heterocephalus_glaber_RNA-Seq	8722642.0	50.0	1451262.0	16.64	49.35	237050.0	230649.0	234392.0	1670.0	312.0	676.0	7.09	0.03	1.7	0.02	1.44	266037.0	3.05	9006.0	0.1	0.0	80.2	0.01	0	6995465	872
SRR5517415_GSM2608708_NMR_BF_1816_HYP_Heterocephalus_glaber_RNA-Seq	17643339.0	50.0	2896543.0	16.42	49.23	470413.0	457838.0	464970.0	3331.0	637.0	1475.0	7.06	0.03	1.7	0.02	1.43	533088.0	3.02	18336.0	0.1	0.0	80.45	0.01	0	14193608	1764
SRR5517416_GSM2608711_NMR_NM_3295_THY_Heterocephalus_glaber_RNA-Seq	29276608.0	50.0	1982718.0	6.77	48.9	129491.0	124412.0	127814.0	948.0	167.0	562.0	8.42	0.02	1.96	0.01	1.38	798844.0	2.73	29032.0	0.1	0.0	90.4	0.0	0	26466014	0
SRR5517417_GSM2608711_NMR_NM_3295_THY_Heterocephalus_glaber_RNA-Seq	28806661.0	50.0	4532540.0	15.73	49.19	741391.0	721519.0	733285.0	5036.0	728.0	2342.0	7.34	0.02	1.69	0.02	1.38	1251444.0	4.34	58770.0	0.2	0.0	79.72	0.0	0	22963907	0
SRR5517418_GSM2608713_NMR_BF_4772_HYP_Heterocephalus_glaber_RNA-Seq	10159567.0	50.0	1660636.0	16.35	49.32	267118.0	259732.0	264013.0	1847.0	358.0	900.0	7.09	0.03	1.7	0.02	1.43	317602.0	3.13	11556.0	0.11	0.0	80.4	0.02	0	8167741	2032
SRR5517419_GSM2608713_NMR_BF_4772_HYP_Heterocephalus_glaber_RNA-Seq	17319372.0	50.0	2799145.0	16.16	49.21	445457.0	433143.0	440012.0	3251.0	623.0	1571.0	7.06	0.03	1.71	0.02	1.43	536754.0	3.1	19115.0	0.11	0.0	80.61	0.01	0	13962626	1732
SRR5517420_GSM2608715_NMR_NM_4925_ADR_Heterocephalus_glaber_RNA-Seq	19412609.0	50.0	3494118.0	18.0	49.36	593683.0	580227.0	585531.0	5328.0	753.0	2071.0	7.19	0.02	1.66	0.02	1.49	988990.0	5.09	38671.0	0.2	0.0	76.7	0.0	0	14890830	0
SRR5517421_GSM2608715_NMR_NM_4925_ADR_Heterocephalus_glaber_RNA-Seq	7027459.0	50.0	1264938.0	18.0	49.37	215156.0	210233.0	212263.0	1895.0	261.0	737.0	7.2	0.02	1.66	0.01	1.48	359255.0	5.11	14112.0	0.2	0.0	76.68	0.0	0	5389154	0
SRR5517422_GSM2608717_NMR_BF_6382_HYP_Heterocephalus_glaber_RNA-Seq	8683408.0	50.0	1387347.0	15.98	49.31	219405.0	213340.0	216812.0	1533.0	297.0	763.0	7.12	0.03	1.71	0.02	1.43	263735.0	3.04	9076.0	0.1	0.0	80.87	0.01	0	7022382	868
SRR5517423_GSM2608717_NMR_BF_6382_HYP_Heterocephalus_glaber_RNA-Seq	15928811.0	50.0	2514022.0	15.78	49.19	393953.0	383124.0	389317.0	2808.0	509.0	1319.0	7.1	0.03	1.71	0.02	1.43	479413.0	3.01	16538.0	0.1	0.0	81.09	0.01	0	12917245	1593
SRR5517424_GSM2608718_NMR_BF_6841_HRT_Heterocephalus_glaber_RNA-Seq	30802538.0	50.0	2884071.0	9.36	49.01	349297.0	341387.0	345895.0	2171.0	384.0	847.0	8.06	0.02	1.63	0.02	1.45	892029.0	2.9	25299.0	0.08	0.0	87.66	0.0	0	27001139	0
SRR5517425_GSM2608718_NMR_BF_6841_HRT_Heterocephalus_glaber_RNA-Seq	43557639.0	50.0	6481490.0	14.88	49.27	1101391.0	1082802.0	1088927.0	9233.0	1248.0	1983.0	7.37	0.01	1.68	0.01	1.42	1640886.0	3.77	44183.0	0.1	0.0	81.25	0.0	0	35391080	0
SRR5517426_GSM2608720_NMR_BF_6841_PIT_Heterocephalus_glaber_RNA-Seq	17239437.0	50.0	3339260.0	19.37	49.4	661410.0	650277.0	656614.0	3005.0	419.0	1372.0	7.07	0.02	1.69	0.01	1.44	571393.0	3.31	22907.0	0.13	0.0	77.17	0.01	0	13304153	1724
SRR5517427_GSM2608720_NMR_BF_6841_PIT_Heterocephalus_glaber_RNA-Seq	5293025.0	50.0	1021074.0	19.29	49.37	200944.0	197698.0	199400.0	950.0	154.0	440.0	7.07	0.02	1.68	0.01	1.45	175428.0	3.31	7166.0	0.14	0.0	77.25	0.01	0	4088828	529
SRR5517428_GSM2608722_NMR_BF_6841_HYP_Heterocephalus_glaber_RNA-Seq	8936708.0	50.0	1438640.0	16.1	49.31	227413.0	221340.0	224774.0	1594.0	288.0	757.0	7.1	0.03	1.73	0.02	1.44	258149.0	2.89	8992.0	0.1	0.0	80.9	0.01	0	7230033	894
SRR5517429_GSM2608722_NMR_BF_6841_HYP_Heterocephalus_glaber_RNA-Seq	13605610.0	50.0	2161796.0	15.89	49.18	338898.0	329710.0	335011.0	2359.0	438.0	1090.0	7.07	0.03	1.71	0.02	1.43	391974.0	2.88	13433.0	0.1	0.0	81.12	0.01	0	11037046	1361
SRR5517430_GSM2608724_NMR_NF_3439_SKN_Heterocephalus_glaber_RNA-Seq	26359407.0	50.0	3944050.0	14.96	49.18	578706.0	558332.0	571352.0	4651.0	615.0	2088.0	7.47	0.02	1.73	0.02	1.45	1532658.0	5.81	75641.0	0.29	0.0	78.93	0.01	0	20804422	2636
